# Fiducial parameters, omega_b = 0.022377, omega_cdm = 0.12268, H0 = 67.5, ln10^{10}A_s = 3.0447, n_s = 0.9659, tau_reio = 0.065, f_dcdm = 0.0336, Log10_Gamma_dcdm = 4.237, sigma_NL = 7, beta_0^Euclid = 1, beta_1^Euclid = 1, z_reio = 1, Omega_Lambda = 1, Omega_m = 1, YHe = 1, 100*theta_s = 0, A_s = 0, sigma8 = 0, rs_rec = 0
30473.57 30473.57
29050.943 29050.943
27714.716 27714.716
26459.185 26459.185
25278.961 25278.961
24168.975 24168.975
23124.471 23124.471
22141.004 22141.004
21214.426 21214.426
20340.876 20340.876
19516.763 19516.763
18738.749 18738.749
18003.741 18003.741
17308.867 17308.867
16651.464 16651.464
16029.066 16029.066
15439.387 15439.387
14880.307 14880.307
14349.864 14349.864
13846.235 13846.235
13367.732 13367.732
12912.79 12912.79
12479.954 12479.954
12067.874 12067.874
11675.297 11675.297
11301.057 11301.057
10944.069 10944.069
29190.256 29190.256
27827.589 27827.589
26547.678 26547.678
25345.059 25345.059
24214.572 24214.572
23151.36 23151.36
22150.869 22150.869
21208.841 21208.841
20321.305 20321.305
19484.56 19484.56
18695.167 18695.167
17949.93 17949.93
17245.886 17245.886
16580.284 16580.284
15950.574 15950.574
15354.393 15354.393
14789.553 14789.553
14254.022 14254.022
13745.919 13745.919
13263.502 13263.502
12805.153 12805.153
12369.37 12369.37
11954.762 11954.762
11560.037 11560.037
11183.992 11183.992
10825.511 10825.511
10483.556 10483.556
27848.081 27848.081
26548.115 26548.115
25327.095 25327.095
24179.809 24179.809
23101.334 23101.334
22087.036 22087.036
21132.573 21132.573
20233.881 20233.881
19387.173 19387.173
18588.918 18588.918
17835.835 17835.835
17124.878 17124.878
16453.216 16453.216
15818.227 15818.227
15217.479 15217.479
14648.717 14648.717
14109.852 14109.852
13598.949 13598.949
13114.213 13114.213
12653.979 12653.979
12216.706 12216.706
11800.962 11800.962
11405.419 11405.419
11028.842 11028.842
10670.087 10670.087
10328.089 10328.089
10001.856 10001.856
26476.48 26476.48
25240.583 25240.583
24079.738 24079.738
22988.992 22988.992
21963.664 21963.664
20999.349 20999.349
20091.919 20091.919
19237.51 19237.51
18432.522 18432.522
17673.598 17673.598
16957.621 16957.621
16281.691 16281.691
15643.12 15643.12
15039.415 15039.415
14468.262 14468.262
13927.519 13927.519
13415.2 13415.2
12929.464 12929.464
12468.605 12468.605
12031.042 12031.042
11615.307 11615.307
11220.04 11220.04
10843.979 10843.979
10485.95 10485.95
10144.864 10144.864
9819.7092 9819.7092
9509.5432 9509.5432
25106.829 25106.829
23934.904 23934.904
22834.144 22834.144
21799.852 21799.852
20827.591 20827.591
19913.184 19913.184
19052.716 19052.716
18242.525 18242.525
17479.195 17479.195
16759.545 16759.545
16080.617 16080.617
15439.664 15439.664
14834.136 14834.136
14261.668 14261.668
13720.068 13720.068
13207.303 13207.303
12721.491 12721.491
12260.886 12260.886
11823.871 11823.871
11408.945 11408.945
11014.718 11014.718
10639.9 10639.9
10283.293 10283.293
9943.7849 9943.7849
9620.3434 9620.3434
9312.0081 9312.0081
9017.8861 9017.8861
23771.337 23771.337
22661.783 22661.783
21619.606 21619.606
20640.357 20640.357
19719.837 19719.837
18854.09 18854.09
18039.41 18039.41
17272.331 17272.331
16549.618 16549.618
15868.26 15868.26
15225.457 15225.457
14618.607 14618.607
14045.296 14045.296
13503.286 13503.286
12990.5 12990.5
12505.016 12505.016
12045.049 12045.049
11608.948 11608.948
11195.181 11195.181
10802.328 10802.328
10429.073 10429.073
10074.193 10074.193
9736.5551 9736.5551
9415.1066 9415.1066
9108.8694 9108.8694
8816.9347 8816.9347
8538.4568 8538.4568
22500.114 22500.114
21449.928 21449.928
20463.51 20463.51
19536.654 19536.654
18665.381 18665.381
17845.951 17845.951
17074.854 17074.854
16348.81 16348.81
15664.758 15664.758
15019.848 15019.848
14411.43 14411.43
13837.04 13837.04
13294.395 13294.395
12781.376 12781.376
12296.018 12296.018
11836.5 11836.5
11401.135 11401.135
10988.358 10988.358
10596.72 10596.72
10224.878 10224.878
9871.584 9871.584
9535.683 9535.683
9216.1015 9216.1015
8911.8433 8911.8433
8621.9827 8621.9827
8345.6592 8345.6592
8082.0729 8082.0729
21319.089 21319.089
20324.055 20324.055
19389.439 19389.439
18511.255 18511.255
17685.735 17685.735
16909.334 16909.334
16178.726 16178.726
15490.805 15490.805
14842.671 14842.671
14231.621 14231.621
13655.147 13655.147
13110.914 13110.914
12596.759 12596.759
12110.673 12110.673
11650.796 11650.796
11215.401 11215.401
10802.891 10802.891
10411.783 10411.783
10040.704 10040.704
9688.3813 9688.3813
9353.6329 9353.6329
9035.3639 9035.3639
8732.5576 8732.5576
8444.2699 8444.2699
8169.6237 8169.6237
7907.804 7907.804
7658.0526 7658.0526
20246.928 20246.928
19301.96 19301.96
18414.37 18414.37
17580.371 17580.371
16796.385 16796.385
16059.045 16059.045
15365.194 15365.194
14711.882 14711.882
14096.353 14096.353
13516.043 13516.043
12968.567 12968.567
12451.711 12451.711
11963.419 11963.419
11501.784 11501.784
11065.038 11065.038
10651.543 10651.543
10259.781 10259.781
9888.3448 9888.3448
9535.9296 9535.9296
9201.3263 9201.3263
8883.4137 8883.4137
8581.1513 8581.1513
8293.5736 8293.5736
8019.7841 8019.7841
7758.95 7758.95
7510.2971 7510.2971
7273.1053 7273.1053
19292.739 19292.739
18392.329 18392.329
17546.589 17546.589
16751.912 16751.912
16004.889 16004.889
15302.312 15302.312
14641.173 14641.173
14018.66 14018.66
13432.149 13432.149
12879.196 12879.196
12357.529 12357.529
11865.037 11865.037
11399.762 11399.762
10959.887 10959.887
10543.727 10543.727
10149.722 10149.722
9776.4255 9776.4255
9422.4958 9422.4958
9086.6904 9086.6904
8767.8573 8767.8573
8464.9277 8464.9277
8176.9106 8176.9106
7902.8859 7902.8859
7641.9993 7641.9993
7393.4574 7393.4574
7156.5223 7156.5223
6930.5082 6930.5082
18453.182 18453.182
17591.975 17591.975
16783.058 16783.058
16022.979 16022.979
15308.479 15308.479
14636.488 14636.488
14004.131 14004.131
13408.717 13408.717
12847.737 12847.737
12318.854 12318.854
11819.894 11819.894
11348.84 11348.84
10903.816 10903.816
10483.087 10483.087
10085.041 10085.041
9708.1847 9708.1847
9351.1347 9351.1347
9012.6086 9012.6086
8691.4178 8691.4178
8386.4602 8386.4602
8096.7138 8096.7138
7821.2306 7821.2306
7559.1307 7559.1307
7309.5969 7309.5969
7071.8703 7071.8703
6845.2454 6845.2454
6629.0661 6629.0661
17710.408 17710.408
16883.886 16883.886
16107.546 16107.546
15378.077 15378.077
14692.349 14692.349
14047.419 14047.419
13440.525 13440.525
12869.086 12869.086
12330.694 12330.694
11823.106 11823.106
11344.236 11344.236
10892.147 10892.147
10465.041 10465.041
10061.25 10061.25
9679.2291 9679.2291
9317.5445 9317.5445
8974.8684 8974.8684
8649.9702 8649.9702
8341.7091 8341.7091
8049.0275 8049.0275
7770.9445 7770.9445
7506.5504 7506.5504
7255.0005 7255.0005
7015.5109 7015.5109
6787.3529 6787.3529
6569.8497 6569.8497
6362.3713 6362.3713
17031.875 17031.875
16237.036 16237.036
15490.455 15490.455
14788.947 14788.947
14129.503 14129.503
13509.292 13509.292
12925.659 12925.659
12376.122 12376.122
11858.364 11858.364
11370.229 11370.229
10909.711 10909.711
10474.947 10474.947
10064.208 10064.208
9675.8912 9675.8912
9308.5088 9308.5088
8960.6834 8960.6834
8631.1379 8631.1379
8318.6888 8318.6888
8022.2391 8022.2391
7740.7717 7740.7717
7473.3434 7473.3434
7219.0792 7219.0792
6977.167 6977.167
6746.8528 6746.8528
6527.4359 6527.4359
6318.2654 6318.2654
6118.7356 6118.7356
16371.77 16371.77
15607.753 15607.753
14890.121 14890.121
14215.813 14215.813
13581.938 13581.938
12985.775 12985.775
12424.77 12424.77
11896.538 11896.538
11398.853 11398.853
10929.642 10929.642
10486.977 10486.977
10069.067 10069.067
9674.2508 9674.2508
9300.9864 9300.9864
8947.845 8947.845
8613.5022 8613.5022
8296.7305 8296.7305
7996.3922 7996.3922
7711.4329 7711.4329
7440.875 7440.875
7183.8118 7183.8118
6939.4024 6939.4024
6706.8661 6706.8661
6485.478 6485.478
6274.5649 6274.5649
6073.5009 6073.5009
5881.7038 5881.7038
15676.531 15676.531
14944.972 14944.972
14257.828 14257.828
13612.166 13612.166
13005.219 13005.219
12434.38 12434.38
11897.206 11897.206
11391.413 11391.413
10914.868 10914.868
10465.587 10465.587
10041.724 10041.724
9641.5647 9641.5647
9263.5175 9263.5175
8906.1065 8906.1065
8567.9637 8567.9637
8247.8207 8247.8207
7944.5024 7944.5024
7656.9192 7656.9192
7384.0618 7384.0618
7124.9939 7124.9939
6878.8475 6878.8475
6644.8173 6644.8173
6422.1558 6422.1558
6210.169 6210.169
6008.2123 6008.2123
5815.6862 5815.6862
5632.0335 5632.0335
14894.559 14894.559
14199.504 14199.504
13546.647 13546.647
12933.202 12933.202
12356.539 12356.539
11814.182 11814.182
11303.809 11303.809
10823.252 10823.252
10370.483 10370.483
9943.6171 9943.6171
9540.9009 9540.9009
9160.7052 9160.7052
8801.5183 8801.5183
8461.9379 8461.9379
8140.664 8140.664
7836.4919 7836.4919
7548.3048 7548.3048
7275.0678 7275.0678
7015.8217 7015.8217
6769.677 6769.677
6535.8092 6535.8092
6313.453 6313.453
6101.8982 6101.8982
5900.4856 5900.4856
5708.6026 5708.6026
5525.6797 5525.6797
5351.1875 5351.1875
13989.914 13989.914
13337.086 13337.086
12723.89 12723.89
12147.713 12147.713
11606.082 11606.082
11096.672 11096.672
10617.304 10617.304
10165.939 10165.939
9740.6738 9740.6738
9339.7383 9339.7383
8961.4849 8961.4849
8604.3838 8604.3838
8267.015 8267.015
7948.0615 7948.0615
7646.3024 7646.3024
7360.606 7360.606
7089.9234 7089.9234
6833.2827 6833.2827
6589.783 6589.783
6358.5888 6358.5888
6138.9255 6138.9255
5930.0746 5930.0746
5731.369 5731.369
5542.1894 5542.1894
5361.9605 5361.9605
5190.1475 5190.1475
5026.2529 5026.2529
12956.566 12956.566
12351.968 12351.968
11784.074 11784.074
11250.462 11250.462
10748.845 10748.845
10277.068 10277.068
9833.1128 9833.1128
9415.0913 9415.0913
9021.2419 9021.2419
8649.9243 8649.9243
8299.6129 8299.6129
7968.891 7968.891
7656.4436 7656.4436
7361.0509 7361.0509
7081.5822 7081.5822
6816.9896 6816.9896
6566.3016 6566.3016
6328.618 6328.618
6103.1046 6103.1046
5888.9877 5888.9877
5685.5498 5685.5498
5492.1255 5492.1255
5308.0971 5308.0971
5132.8909 5132.8909
4965.9742 4965.9742
4806.8516 4806.8516
4655.0626 4655.0626
11827.804 11827.804
11275.887 11275.887
10757.474 10757.474
10270.357 10270.357
9812.445 9812.445
9381.7738 9381.7738
8976.4998 8976.4998
8594.8995 8594.8995
8235.365 8235.365
7896.3989 7896.3989
7576.6087 7576.6087
7274.7009 7274.7009
6989.4752 6989.4752
6719.8182 6719.8182
6464.6977 6464.6977
6223.1571 6223.1571
5994.3095 5994.3095
5777.3333 5777.3333
5571.4668 5571.4668
5376.0038 5376.0038
5190.2894 5190.2894
5013.716 5013.716
4845.7199 4845.7199
4685.7774 4685.7774
4533.4021 4533.4021
4388.1419 4388.1419
4249.5763 4249.5763
10674.513 10674.513
10176.418 10176.418
9708.5601 9708.5601
9268.9452 9268.9452
8855.6879 8855.6879
8467.0141 8467.0141
8101.2607 8101.2607
7756.8721 7756.8721
7432.3974 7432.3974
7126.4851 7126.4851
6837.8786 6837.8786
6565.4106 6565.4106
6307.9978 6307.9978
6064.6354 6064.6354
5834.3918 5834.3918
5616.4038 5616.4038
5409.8711 5409.8711
5214.052 5214.052
5028.2593 5028.2593
4851.8555 4851.8555
4684.2496 4684.2496
4524.8935 4524.8935
4373.2781 4373.2781
4228.931 4228.931
4091.4132 4091.4132
3960.3166 3960.3166
3835.2619 3835.2619
9588.924 9588.924
9141.4904 9141.4904
8721.2187 8721.2187
8326.3168 8326.3168
7955.0913 7955.0913
7605.9488 7605.9488
7277.3951 7277.3951
6968.0332 6968.0332
6676.5595 6676.5595
6401.7602 6401.7602
6142.5063 6142.5063
5897.7495 5897.7495
5666.5165 5666.5165
5447.9049 5447.9049
5241.0777 5241.0777
5045.2596 5045.2596
4859.7316 4859.7316
4683.8275 4683.8275
4516.93 4516.93
4358.4666 4358.4666
4207.9062 4207.9062
4064.7565 4064.7565
3928.5603 3928.5603
3798.8931 3798.8931
3675.3606 3675.3606
3557.5962 3557.5962
3445.2592 3445.2592
8657.3851 8657.3851
8253.4234 8253.4234
7873.9843 7873.9843
7517.4498 7517.4498
7182.2912 7182.2912
6867.0698 6867.0698
6570.4368 6570.4368
6291.1308 6291.1308
6027.9749 6027.9749
5779.8732 5779.8732
5545.8066 5545.8066
5324.8284 5324.8284
5116.0601 5116.0601
4918.6868 4918.6868
4731.9531 4731.9531
4555.1587 4555.1587
4387.6547 4387.6547
4228.8396 4228.8396
4078.156 4078.156
3935.087 3935.087
3799.1533 3799.1533
3669.9103 3669.9103
3546.9451 3546.9451
3429.8747 3429.8747
3318.3429 3318.3429
3212.019 3212.019
3110.595 3110.595
7930.6771 7930.6771
7560.6285 7560.6285
7213.0435 7213.0435
6886.44 6886.44
6579.4177 6579.4177
6290.6587 6290.6587
6018.9275 6018.9275
5763.0685 5763.0685
5522.0037 5522.0037
5294.7292 5294.7292
5080.3115 5080.3115
4877.8834 4877.8834
4686.6402 4686.6402
4505.8352 4505.8352
4334.7767 4334.7767
4172.823 4172.823
4019.3798 4019.3798
3873.8961 3873.8961
3735.8612 3735.8612
3604.8017 3604.8017
3480.2784 3480.2784
3361.8842 3361.8842
3249.2408 3249.2408
3141.9973 3141.9973
3039.8275 3039.8275
2942.4283 2942.4283
2849.5178 2849.5178
7403.0072 7403.0072
7057.5835 7057.5835
6733.1284 6733.1284
6428.2583 6428.2583
6141.6663 6141.6663
5872.1221 5872.1221
5618.4724 5618.4724
5379.6386 5379.6386
5154.6146 5154.6146
4942.4631 4942.4631
4742.3127 4742.3127
4553.3541 4553.3541
4374.836 4374.836
4206.0616 4206.0616
4046.3849 4046.3849
3895.2073 3895.2073
3751.9738 3751.9738
3616.1701 3616.1701
3487.3196 3487.3196
3364.9803 3364.9803
3248.7423 3248.7423
3138.2255 3138.2255
3033.0769 3033.0769
2932.9688 2932.9688
2837.5968 2837.5968
2746.678 2746.678
2659.9492 2659.9492
7006.425 7006.425
6679.5089 6679.5089
6372.4377 6372.4377
6083.9022 6083.9022
5812.6651 5812.6651
5557.5624 5557.5624
5317.5024 5317.5024
5091.4645 5091.4645
4878.4963 4878.4963
4677.7109 4677.7109
4488.2836 4488.2836
4309.4483 4309.4483
4140.4941 4140.4941
3980.7616 3980.7616
3829.6393 3829.6393
3686.5607 3686.5607
3551.0005 3551.0005
3422.4721 3422.4721
3300.5244 3300.5244
3184.7389 3184.7389
3074.7279 3074.7279
2970.1315 2970.1315
2870.6157 2870.6157
2775.8705 2775.8705
2685.6075 2685.6075
2599.5592 2599.5592
2517.4764 2517.4764
6628.4679 6628.4679
6319.1899 6319.1899
6028.686 6028.686
5755.7174 5755.7174
5499.1139 5499.1139
5257.7742 5257.7742
5030.6655 5030.6655
4816.8223 4816.8223
4615.3435 4615.3435
4425.3903 4425.3903
4246.1823 4246.1823
4076.9948 4076.9948
3917.1553 3917.1553
3766.0399 3766.0399
3623.0702 3623.0702
3487.7102 3487.7102
3359.463 3359.463
3237.8681 3237.8681
3122.4989 3122.4989
3012.9595 3012.9595
2908.883 2908.883
2809.929 2809.929
2715.7816 2715.7816
2626.1472 2626.1472
2540.7534 2540.7534
2459.3468 2459.3468
2381.6917 2381.6917
6160.7399 6160.7399
5873.288 5873.288
5603.2851 5603.2851
5349.58 5349.58
5111.0849 5111.0849
4886.7764 4886.7764
4675.6945 4675.6945
4476.9419 4476.9419
4289.6811 4289.6811
4113.1324 4113.1324
3946.5706 3946.5706
3789.3222 3789.3222
3640.7619 3640.7619
3500.3102 3500.3102
3367.4292 3367.4292
3241.6209 3241.6209
3122.4235 3122.4235
3009.409 3009.409
2902.1807 2902.1807
2800.3709 2800.3709
2703.6385 2703.6385
2611.667 2611.667
2524.1629 2524.1629
2440.8534 2440.8534
2361.4852 2361.4852
2285.8229 2285.8229
2213.6474 2213.6474
5565.6383 5565.6383
5305.955 5305.955
5062.035 5062.035
4832.8383 4832.8383
4617.3821 4617.3821
4414.742 4414.742
4224.0508 4224.0508
4044.4977 4044.4977
3875.3262 3875.3262
3715.832 3715.832
3565.3599 3565.3599
3423.3015 3423.3015
3289.092 3289.092
3162.2076 3162.2076
3042.1626 3042.1626
2928.5071 2928.5071
2820.8238 2820.8238
2718.7262 2718.7262
2621.8558 2621.8558
2529.8804 2529.8804
2442.492 2442.492
2359.4046 2359.4046
2280.353 2280.353
2205.0908 2205.0908
2133.3892 2133.3892
2065.0355 2065.0355
1999.8317 1999.8317
4910.0441 4910.0441
4680.9513 4680.9513
4465.7648 4465.7648
4263.5671 4263.5671
4073.4914 4073.4914
3894.7218 3894.7218
3726.4935 3726.4935
3568.0912 3568.0912
3418.8476 3418.8476
3278.1412 3278.1412
3145.3942 3145.3942
3020.0696 3020.0696
2901.6694 2901.6694
2789.7313 2789.7313
2683.8271 2683.8271
2583.5596 2583.5596
2488.5608 2488.5608
2398.4896 2398.4896
2313.03 2313.03
2231.8887 2231.8887
2154.7941 2154.7941
2081.4938 2081.4938
2011.7539 2011.7539
1945.3571 1945.3571
1882.1014 1882.1014
1821.7992 1821.7992
1764.276 1764.276
4321.8705 4321.8705
4120.2221 4120.2221
3930.8138 3930.8138
3752.8384 3752.8384
3585.5326 3585.5326
3428.1786 3428.1786
3280.103 3280.103
3140.6762 3140.6762
3009.311 3009.311
2885.4603 2885.4603
2768.6153 2768.6153
2658.3037 2658.3037
2554.0868 2554.0868
2455.558 2455.558
2362.3402 2362.3402
2274.0839 2274.0839
2190.4651 2190.4651
2111.1836 2111.1836
2035.9612 2035.9612
1964.5399 1964.5399
1896.6804 1896.6804
1832.1608 1832.1608
1770.775 1770.775
1712.3318 1712.3318
1656.6535 1656.6535
1603.5748 1603.5748
1552.9422 1552.9422
3894.4538 3894.4538
3712.7487 3712.7487
3542.0732 3542.0732
3381.6997 3381.6997
3230.9405 3230.9405
3089.1488 3089.1488
2955.7179 2955.7179
2830.0804 2830.0804
2711.7071 2711.7071
2600.1051 2600.1051
2494.8159 2494.8159
2395.414 2395.414
2301.504 2301.504
2212.7195 2212.7195
2128.7207 2128.7207
2049.1927 2049.1927
1973.8435 1973.8435
1902.4028 1902.4028
1834.6196 1834.6196
1770.2617 1770.2617
1709.1132 1709.1132
1650.9744 1650.9744
1595.6594 1595.6594
1542.996 1542.996
1492.824 1492.824
1444.9946 1444.9946
1399.3693 1399.3693
3614.3995 3614.3995
3445.7619 3445.7619
3287.3607 3287.3607
3138.5205 3138.5205
2998.6032 2998.6032
2867.0084 2867.0084
2743.1731 2743.1731
2626.5708 2626.5708
2516.7101 2516.7101
2413.1338 2413.1338
2315.4164 2315.4164
2223.1627 2223.1627
2136.0061 2136.0061
2053.6063 2053.6063
1975.6481 1975.6481
1901.8391 1901.8391
1831.9085 1831.9085
1765.6052 1765.6052
1702.6965 1702.6965
1642.9665 1642.9665
1586.2154 1586.2154
1532.2573 1532.2573
1480.9201 1480.9201
1432.0438 1432.0438
1385.4797 1385.4797
1341.0897 1341.0897
1298.7454 1298.7454
3374.5315 3374.5315
3217.0863 3217.0863
3069.198 3069.198
2930.2361 2930.2361
2799.6049 2799.6049
2676.7438 2676.7438
2561.1272 2561.1272
2452.2634 2452.2634
2349.6939 2349.6939
2252.9917 2252.9917
2161.7594 2161.7594
2075.6283 2075.6283
1994.2559 1994.2559
1917.3247 1917.3247
1844.5403 1844.5403
1775.6297 1775.6297
1710.34 1710.34
1648.4369 1648.4369
1589.7032 1589.7032
1533.9372 1533.9372
1480.9523 1480.9523
1430.5752 1430.5752
1382.6449 1382.6449
1337.0122 1337.0122
1293.5383 1293.5383
1252.0943 1252.0943
1212.56 1212.56
3064.0334 3064.0334
2921.0757 2921.0757
2786.7955 2786.7955
2660.6203 2660.6203
2542.0092 2542.0092
2430.4532 2430.4532
2325.475 2325.475
2226.6284 2226.6284
2133.4968 2133.4968
2045.6925 2045.6925
1962.8549 1962.8549
1884.6491 1884.6491
1810.7641 1810.7641
1740.9116 1740.9116
1674.8243 1674.8243
1612.2544 1612.2544
1552.9722 1552.9722
1496.765 1496.765
1443.4355 1443.4355
1392.8007 1392.8007
1344.6911 1344.6911
1298.9492 1298.9492
1255.4292 1255.4292
1213.9952 1213.9952
1174.5214 1174.5214
1136.8907 1136.8907
1100.9941 1100.9941
2693.6003 2693.6003
2567.9263 2567.9263
2449.8807 2449.8807
2338.9601 2338.9601
2234.6891 2234.6891
2136.6202 2136.6202
2044.3339 2044.3339
1957.4377 1957.4377
1875.5657 1875.5657
1798.3768 1798.3768
1725.5542 1725.5542
1656.8034 1656.8034
1591.851 1591.851
1530.4435 1530.4435
1472.346 1472.346
1417.3407 1417.3407
1365.2256 1365.2256
1315.8138 1315.8138
1268.9316 1268.9316
1224.4185 1224.4185
1182.1252 1182.1252
1141.9134 1141.9134
1103.6548 1103.6548
1067.2301 1067.2301
1032.5285 1032.5285
999.44721 999.44721
967.89038 967.89038
2368.8721 2368.8721
2258.3493 2258.3493
2154.535 2154.535
2056.9868 2056.9868
1965.2866 1965.2866
1879.0407 1879.0407
1797.8801 1797.8801
1721.46 1721.46
1649.4582 1649.4582
1581.575 1581.575
1517.5317 1517.5317
1457.0692 1457.0692
1399.9473 1399.9473
1345.9429 1345.9429
1294.8494 1294.8494
1246.4753 1246.4753
1200.643 1200.643
1157.1881 1157.1881
1115.9578 1115.9578
1076.811 1076.811
1039.6164 1039.6164
1004.2524 1004.2524
970.606 970.606
938.57248 938.57248
908.05439 908.05439
878.96119 878.96119
851.20869 851.20869
2146.8059 2146.8059
2046.6442 2046.6442
1952.5621 1952.5621
1864.1587 1864.1587
1781.055 1781.055
1702.8942 1702.8942
1629.3422 1629.3422
1560.086 1560.086
1494.8341 1494.8341
1433.3146 1433.3146
1375.275 1375.275
1320.4806 1320.4806
1268.7135 1268.7135
1219.7717 1219.7717
1173.468 1173.468
1129.6287 1129.6287
1088.0929 1088.0929
1048.7116 1048.7116
1011.3464 1011.3464
975.86937 975.86937
942.16151 942.16151
910.11263 910.11263
879.6204 879.6204
850.5898 850.5898
822.93257 822.93257
796.56666 796.56666
771.41576 771.41576
1971.4503 1971.4503
1879.4703 1879.4703
1793.0733 1793.0733
1711.8911 1711.8911
1635.5756 1635.5756
1563.7994 1563.7994
1496.2554 1496.2554
1432.6563 1432.6563
1372.7344 1372.7344
1316.2401 1316.2401
1262.9414 1262.9414
1212.6227 1212.6227
1165.0841 1165.0841
1120.1401 1120.1401
1077.6186 1077.6186
1037.3602 1037.3602
999.21716 999.21716
963.05258 963.05258
928.73952 928.73952
896.16029 896.16029
865.20577 865.20577
835.77471 835.77471
807.77314 807.77314
781.11382 781.11382
755.71568 755.71568
731.50338 731.50338
708.40684 708.40684
1764.7268 1764.7268
1682.3919 1682.3919
1605.0546 1605.0546
1532.3852 1532.3852
1464.0722 1464.0722
1399.8225 1399.8225
1339.3612 1339.3612
1282.4312 1282.4312
1228.7926 1228.7926
1178.2223 1178.2223
1130.5125 1130.5125
1085.4702 1085.4702
1042.9165 1042.9165
1002.6853 1002.6853
964.62253 964.62253
928.5856 928.5856
894.44223 894.44223
862.06983 862.06983
831.35479 831.35479
802.19178 802.19178
774.4831 774.4831
748.13814 748.13814
723.07278 723.07278
699.20891 699.20891
676.47398 676.47398
654.80054 654.80054
634.12586 634.12586
1548.5002 1548.5002
1476.2537 1476.2537
1408.3925 1408.3925
1344.6272 1344.6272
1284.6846 1284.6846
1228.3073 1228.3073
1175.2541 1175.2541
1125.2997 1125.2997
1078.2334 1078.2334
1033.8594 1033.8594
991.99532 991.99532
952.47199 952.47199
915.13228 915.13228
879.83048 879.83048
846.43147 846.43147
814.81006 814.81006
784.85018 784.85018
756.44428 756.44428
729.49267 729.49267
703.90292 703.90292
679.5893 679.5893
656.47231 656.47231
634.47812 634.47812
613.53822 613.53822
593.58892 593.58892
574.57105 574.57105
556.42957 556.42957
1384.467 1384.467
1319.8738 1319.8738
1259.2012 1259.2012
1202.1908 1202.1908
1148.5979 1148.5979
1098.1928 1098.1928
1050.7597 1050.7597
1006.097 1006.097
964.01651 964.01651
924.34308 924.34308
886.91376 886.91376
851.57719 851.57719
818.19292 818.19292
786.63067 786.63067
756.76965 756.76965
728.49792 728.49792
701.71171 701.71171
676.31487 676.31487
652.21826 652.21826
629.33924 629.33924
607.60118 607.60118
586.93298 586.93298
567.26864 567.26864
548.5469 548.5469
530.71084 530.71084
513.70754 513.70754
497.48778 497.48778
1251.7538 1251.7538
1193.3525 1193.3525
1138.4961 1138.4961
1086.9507 1086.9507
1038.4953 1038.4953
992.92198 992.92198
950.03581 950.03581
909.65446 909.65446
871.60782 871.60782
835.73747 835.73747
801.8961 801.8961
769.94688 769.94688
739.7628 739.7628
711.22609 711.22609
684.22752 684.22752
658.66589 658.66589
634.44739 634.44739
611.48506 611.48506
589.69833 589.69833
569.01246 569.01246
549.35819 549.35819
530.67121 530.67121
512.89187 512.89187
495.96477 495.96477
479.83844 479.83844
464.46505 464.46505
449.8001 449.8001
1109.319 1109.319
1057.5632 1057.5632
1008.9489 1008.9489
963.26877 963.26877
920.32709 920.32709
879.93956 879.93956
841.93338 841.93338
806.147 806.147
772.42965 772.42965
740.64095 740.64095
710.65036 710.65036
682.3366 682.3366
655.58714 655.58714
630.29758 630.29758
606.37115 606.37115
583.71814 583.71814
562.25542 562.25542
541.90594 541.90594
522.59828 522.59828
504.26623 504.26623
486.84838 486.84838
470.28776 470.28776
454.5315 454.5315
439.5305 439.5305
425.23915 425.23915
411.61507 411.61507
398.61881 398.61881
980.4853 980.4853
934.74039 934.74039
891.77208 891.77208
851.39723 851.39723
813.44275 813.44275
777.74577 777.74577
744.15359 744.15359
712.52338 712.52338
682.72191 682.72191
654.62511 654.62511
628.11757 628.11757
603.09212 603.09212
579.44929 579.44929
557.09682 557.09682
535.94915 535.94915
515.92702 515.92702
496.95694 496.95694
478.9708 478.9708
461.90549 461.90549
445.70248 445.70248
430.3075 430.3075
415.67019 415.67019
401.74382 401.74382
388.485 388.485
375.85342 375.85342
363.8116 363.8116
352.32469 352.32469
877.34077 877.34077
836.40817 836.40817
797.96008 797.96008
761.83261 761.83261
727.87088 727.87088
695.92917 695.92917
665.87083 665.87083
637.56807 637.56807
610.90167 610.90167
585.76059 585.76059
562.0416 562.0416
539.64878 539.64878
518.49312 518.49312
498.49208 498.49208
479.5691 479.5691
461.65325 461.65325
444.67878 444.67878
428.58474 428.58474
413.31466 413.31466
398.81617 398.81617
385.0407 385.0407
371.9432 371.9432
359.48185 359.48185
347.61782 347.61782
336.31504 336.31504
325.53999 325.53999
315.26147 315.26147
777.38974 777.38974
741.12044 741.12044
707.05259 707.05259
675.04098 675.04098
644.94838 644.94838
616.64566 616.64566
590.01174 590.01174
564.93339 564.93339
541.30497 541.30497
519.02811 519.02811
498.01132 498.01132
478.16961 478.16961
459.42413 459.42413
441.70171 441.70171
424.93454 424.93454
409.05976 409.05976
394.0191 394.0191
379.75858 379.75858
366.22815 366.22815
353.38139 353.38139
341.17529 341.17529
329.56992 329.56992
318.52823 318.52823
308.01581 308.01581
298.0007 298.0007
288.45319 288.45319
279.34565 279.34565
687.40422 687.40422
655.33326 655.33326
625.20892 625.20892
596.90279 596.90279
570.29354 570.29354
545.26698 545.26698
521.71605 521.71605
499.54062 499.54062
478.64729 478.64729
458.94907 458.94907
440.36505 440.36505
422.8201 422.8201
406.24447 406.24447
390.57349 390.57349
375.74718 375.74718
361.70997 361.70997
348.41032 348.41032
335.80051 335.80051
323.83627 323.83627
312.47657 312.47657
301.68337 301.68337
291.42136 291.42136
281.65778 281.65778
272.36221 272.36221
263.50638 263.50638
255.06403 255.06403
247.01071 247.01071
610.47154 610.47154
581.98992 581.98992
555.23706 555.23706
530.09891 530.09891
506.46773 506.46773
484.2421 484.2421
463.32695 463.32695
443.63336 443.63336
425.07838 425.07838
407.58474 407.58474
391.08061 391.08061
375.49926 375.49926
360.77874 360.77874
346.86163 346.86163
333.69465 333.69465
321.22845 321.22845
309.41727 309.41727
298.21872 298.21872
287.59349 287.59349
277.50515 277.50515
267.9199 267.9199
258.80639 258.80639
250.13552 250.13552
241.88029 241.88029
234.01558 234.01558
226.51808 226.51808
219.36607 219.36607
538.79594 538.79594
513.65838 513.65838
490.0466 490.0466
467.85995 467.85995
447.00332 447.00332
427.38723 427.38723
408.92775 408.92775
391.5464 391.5464
375.16997 375.16997
359.73027 359.73027
345.1639 345.1639
331.41196 331.41196
318.41979 318.41979
306.13669 306.13669
294.51566 294.51566
283.51312 283.51312
273.0887 273.0887
263.20497 263.20497
253.82725 253.82725
244.92338 244.92338
236.46354 236.46354
228.42005 228.42005
220.76723 220.76723
213.48125 213.48125
206.53994 206.53994
199.92271 199.92271
193.61043 193.61043
476.50552 476.50552
454.27414 454.27414
433.39214 433.39214
413.77052 413.77052
395.32515 395.32515
377.9769 377.9769
361.65153 361.65153
346.27966 346.27966
331.79652 331.79652
318.14182 318.14182
305.25948 305.25948
293.09742 293.09742
281.60728 281.60728
270.74424 270.74424
260.46672 260.46672
250.73619 250.73619
241.51694 241.51694
232.77588 232.77588
224.48232 224.48232
216.60783 216.60783
209.12603 209.12603
202.01245 202.01245
195.24438 195.24438
188.80073 188.80073
182.66191 182.66191
176.80971 176.80971
171.22718 171.22718
420.35604 420.35604
400.74433 400.74433
382.323 382.323
365.01352 365.01352
348.74169 348.74169
333.4377 333.4377
319.03605 319.03605
305.47555 305.47555
292.69905 292.69905
280.65337 280.65337
269.28904 269.28904
258.5601 258.5601
248.42392 248.42392
238.84094 238.84094
229.77448 229.77448
221.19056 221.19056
213.05767 213.05767
205.34662 205.34662
198.03035 198.03035
191.08376 191.08376
184.48358 184.48358
178.20824 178.20824
172.23769 172.23769
166.55333 166.55333
161.13788 161.13788
155.97528 155.97528
151.05058 151.05058
370.66654 370.66654
353.37312 353.37312
337.12935 337.12935
321.866 321.866
307.51764 307.51764
294.02271 294.02271
281.32347 281.32347
269.36592 269.36592
258.09972 258.09972
247.47794 247.47794
237.45697 237.45697
227.99628 227.99628
219.05829 219.05829
210.60809 210.60809
202.61336 202.61336
195.04413 195.04413
187.87262 187.87262
181.07308 181.07308
174.62165 174.62165
168.4962 168.4962
162.67622 162.67622
157.14267 157.14267
151.87789 151.87789
146.86547 146.86547
142.09017 142.09017
137.53783 137.53783
133.19526 133.19526
326.42292 326.42292
311.19369 311.19369
296.88882 296.88882
283.44735 283.44735
270.81165 270.81165
258.92751 258.92751
247.74409 247.74409
237.21383 237.21383
227.29239 227.29239
217.93845 217.93845
209.11361 209.11361
200.78218 200.78218
192.91104 192.91104
185.46948 185.46948
178.42903 178.42903
171.76328 171.76328
165.44777 165.44777
159.45984 159.45984
153.77847 153.77847
148.38417 148.38417
143.25888 143.25888
138.38583 138.38583
133.74946 133.74946
129.33534 129.33534
125.13003 125.13003
121.12106 121.12106
117.29684 117.29684
287.25716 287.25716
273.85521 273.85521
261.26672 261.26672
249.43803 249.43803
238.31843 238.31843
227.86021 227.86021
218.01863 218.01863
208.75184 208.75184
200.02083 200.02083
191.78922 191.78922
184.02323 184.02323
176.69144 176.69144
169.76472 169.76472
163.21604 163.21604
157.02033 157.02033
151.15437 151.15437
145.59663 145.59663
140.32716 140.32716
135.32746 135.32746
130.5804 130.5804
126.07006 126.07006
121.7817 121.7817
117.70163 117.70163
113.81713 113.81713
110.1164 110.1164
106.58844 106.58844
103.22307 103.22307
252.49609 252.49609
240.71593 240.71593
229.65078 229.65078
219.25348 219.25348
209.47947 209.47947
200.28681 200.28681
191.63616 191.63616
183.49076 183.49076
175.81629 175.81629
168.58079 168.58079
161.75457 161.75457
155.31 155.31
149.22149 149.22149
143.46526 143.46526
138.0193 138.0193
132.86318 132.86318
127.97799 127.97799
123.34618 123.34618
118.9515 118.9515
114.77887 114.77887
110.81434 110.81434
107.04491 107.04491
103.45857 103.45857
100.04414 100.04414
96.791226 96.791226
93.690192 93.690192
90.73206 90.73206
221.78337 221.78337
211.43611 211.43611
201.71689 201.71689
192.58429 192.58429
183.99916 183.99916
175.92466 175.92466
168.32625 168.32625
161.17162 161.17162
154.43065 154.43065
148.07526 148.07526
142.07935 142.07935
136.41868 136.41868
131.07075 131.07075
126.0147 126.0147
121.23116 121.23116
116.70222 116.70222
112.41124 112.41124
108.34282 108.34282
104.4827 104.4827
100.81762 100.81762
97.335312 97.335312
94.024388 94.024388
90.874276 90.874276
87.87516 87.87516
85.017923 85.017923
82.294088 82.294088
79.695772 79.695772
194.61895 194.61895
185.53904 185.53904
177.01025 177.01025
168.99623 168.99623
161.46262 161.46262
154.37711 154.37711
147.70937 147.70937
141.43106 141.43106
135.51573 135.51573
129.93876 129.93876
124.67724 124.67724
119.7099 119.7099
115.017 115.017
110.58022 110.58022
106.38258 106.38258
102.40835 102.40835
98.642938 98.642938
95.072831 95.072831
91.685499 91.685499
88.469326 88.469326
85.413539 85.413539
82.508142 82.508142
79.743862 79.743862
77.112083 77.112083
74.604805 74.604805
72.21459 72.21459
69.93452 69.93452
170.63298 170.63298
162.67213 162.67213
155.19448 155.19448
148.16816 148.16816
141.56304 141.56304
135.35079 135.35079
129.50482 129.50482
124.00029 124.00029
118.814 118.814
113.92437 113.92437
109.31131 109.31131
104.95618 104.95618
100.84166 100.84166
96.951691 96.951691
93.271394 93.271394
89.78697 89.78697
86.485631 86.485631
83.355525 83.355525
80.385668 80.385668
77.565875 77.565875
74.886701 74.886701
72.339382 72.339382
69.915787 69.915787
67.608365 67.608365
65.410098 65.410098
63.314467 63.314467
61.315406 61.315406
149.47943 149.47943
142.5055 142.5055
135.95487 135.95487
129.79961 129.79961
124.01333 124.01333
118.57122 118.57122
113.44998 113.44998
108.62785 108.62785
104.08452 104.08452
99.801062 99.801062
95.759892 95.759892
91.944669 91.944669
88.340229 88.340229
84.932507 84.932507
81.70846 81.70846
78.656004 78.656004
75.763936 75.763936
73.021873 73.021873
70.420192 70.420192
67.949972 67.949972
65.602937 65.602937
63.371413 63.371413
61.248273 61.248273
59.226904 59.226904
57.301159 57.301159
55.465325 55.465325
53.71409 53.71409
130.84797 130.84797
124.74329 124.74329
119.00915 119.00915
113.62109 113.62109
108.55604 108.55604
103.79224 103.79224
99.309331 99.309331
95.088243 95.088243
91.1112 91.1112
87.361643 87.361643
83.824175 83.824175
80.48449 80.48449
77.329316 77.329316
74.34634 74.34634
71.524147 71.524147
68.852156 68.852156
66.320561 66.320561
63.920276 63.920276
61.642874 61.642874
59.480548 59.480548
57.426053 57.426053
55.472671 55.472671
53.614164 53.614164
51.844743 51.844743
50.159027 50.159027
48.552016 48.552016
47.019058 47.019058
114.44192 114.44192
109.10266 109.10266
104.08748 104.08748
99.374996 99.374996
94.94501 94.94501
90.778513 90.778513
86.85768 86.85768
83.165844 83.165844
79.687454 79.687454
76.408027 76.408027
73.314095 73.314095
70.393149 70.393149
67.63358 67.63358
65.024617 65.024617
62.556278 62.556278
60.219308 60.219308
58.005132 58.005132
55.9058 55.9058
53.913945 53.913945
52.022737 52.022737
50.22584 50.22584
48.517378 48.517378
46.891895 46.891895
45.344329 45.344329
43.869972 43.869972
42.464452 42.464452
41.1237 41.1237
100.01557 100.01557
95.349369 95.349369
90.966393 90.966393
86.847959 86.847959
82.97641 82.97641
79.335135 79.335135
75.908557 75.908557
72.682108 72.682108
69.642198 69.642198
66.77617 66.77617
64.072255 64.072255
61.519519 61.519519
59.107816 59.107816
56.827735 56.827735
54.67055 54.67055
52.628175 52.628175
50.693114 50.693114
48.858421 48.858421
47.117656 47.117656
45.46485 45.46485
43.894467 43.894467
42.40137 42.40137
40.980794 40.980794
39.628311 39.628311
38.339809 38.339809
37.111466 37.111466
35.939727 35.939727
87.34368 87.34368
83.268686 83.268686
79.441031 79.441031
75.844399 75.844399
72.463373 72.463373
69.283446 69.283446
66.291013 66.291013
63.473352 63.473352
60.818597 60.818597
58.315693 58.315693
55.954362 55.954362
53.725055 53.725055
51.618914 51.618914
49.627717 49.627717
47.743846 47.743846
45.960238 45.960238
44.270348 44.270348
42.668108 42.668108
41.147897 41.147897
39.7045 39.7045
38.333083 38.333083
37.029161 37.029161
35.78857 35.78857
34.607446 34.607446
33.482196 33.482196
32.409483 32.409483
31.386202 31.386202
76.222555 76.222555
72.666414 72.666414
69.32612 69.32612
66.187434 66.187434
63.236902 63.236902
60.461862 60.461862
57.850444 57.850444
55.391546 55.391546
53.07481 53.07481
50.890592 50.890592
48.82992 48.82992
46.884462 46.884462
45.046487 45.046487
43.308822 43.308822
41.664817 41.664817
40.108309 40.108309
38.633586 38.633586
37.235353 37.235353
35.908705 35.908705
34.64909 34.64909
33.45229 33.45229
32.314391 32.314391
31.23176 31.23176
30.201023 30.201023
29.219047 29.219047
28.282918 28.282918
27.389928 27.389928
66.470684 66.470684
63.369516 63.369516
60.456578 60.456578
57.719454 57.719454
55.146411 55.146411
52.726409 52.726409
50.449095 50.449095
48.304787 48.304787
46.284454 46.284454
44.379683 44.379683
42.582652 42.582652
40.886096 40.886096
39.28327 39.28327
37.767921 37.767921
36.334249 36.334249
34.97688 34.97688
33.690832 33.690832
32.471489 32.471489
31.314571 31.314571
30.216111 30.216111
29.172429 29.172429
28.180112 28.180112
27.235992 27.235992
26.337127 26.337127
25.480784 25.480784
24.664423 24.664423
23.885682 23.885682
57.926648 57.926648
55.224099 55.224099
52.685586 52.685586
50.300288 50.300288
48.057981 48.057981
45.949043 45.949043
43.964451 43.964451
42.09577 42.09577
40.335127 40.335127
38.675192 38.675192
37.109149 37.109149
35.630666 35.630666
34.233865 34.233865
32.913297 32.913297
31.663907 31.663907
30.481012 30.481012
29.360271 29.360271
28.29766 28.29766
27.28945 27.28945
26.332184 26.332184
25.422656 25.422656
24.55789 24.55789
23.735125 23.735125
22.951799 22.951799
22.205529 22.205529
21.494102 21.494102
20.815459 20.815459
50.447059 50.447059
48.093469 48.093469
45.882733 45.882733
43.80543 43.80543
41.852653 41.852653
40.016025 40.016025
38.287688 38.287688
36.660294 36.660294
35.126989 35.126989
33.681388 33.681388
32.317555 32.317555
31.029976 31.029976
29.813533 29.813533
28.663479 28.663479
27.575413 27.575413
26.545255 26.545255
25.569226 25.569226
24.643821 24.643821
23.765793 23.765793
22.932131 22.932131
22.140043 22.140043
21.386937 21.386937
20.670409 20.670409
19.988227 19.988227
19.338317 19.338317
18.718751 18.718751
18.127735 18.127735
43.904616 43.904616
41.856261 41.856261
39.932235 39.932235
38.124336 38.124336
36.424814 36.424814
34.826377 34.826377
33.322187 33.322187
31.905849 31.905849
30.571397 30.571397
29.313275 29.313275
28.126317 28.126317
27.005724 27.005724
25.94704 25.94704
24.946136 24.946136
23.99918 23.99918
23.102623 23.102623
22.253174 22.253174
21.447785 21.447785
20.683628 20.683628
19.958083 19.958083
19.26872 19.26872
18.613283 18.613283
17.989682 17.989682
17.395972 17.395972
16.830348 16.830348
16.291133 16.291133
15.776765 15.776765
38.186426 38.186426
36.404852 36.404852
34.731414 34.731414
33.158978 33.158978
31.680804 31.680804
30.29055 30.29055
28.982267 28.982267
27.750395 27.750395
26.589744 26.589744
25.495482 25.495482
24.463115 24.463115
23.488469 23.488469
22.567669 22.567669
21.697124 21.697124
20.873501 20.873501
20.093713 20.093713
19.354897 19.354897
18.654403 18.654403
17.989771 17.989771
17.358721 17.358721
16.759142 16.759142
16.18907 16.18907
15.646687 15.646687
15.130303 15.130303
14.638346 14.638346
14.169359 14.169359
13.721984 13.721984
33.192473 33.192473
31.64389 31.64389
30.189301 30.189301
28.822506 28.822506
27.537645 27.537645
26.329206 26.329206
25.192019 25.192019
24.121249 24.121249
23.112386 23.112386
22.161229 22.161229
21.263874 21.263874
20.41669 20.41669
19.616312 19.616312
18.859615 18.859615
18.143704 18.143704
17.465895 17.465895
16.8237 16.8237
16.214815 16.214815
15.637103 15.637103
15.088581 15.088581
14.567413 14.567413
14.071895 14.071895
13.600444 13.600444
13.151591 13.151591
12.723972 12.723972
12.316318 12.316318
11.927449 11.927449
28.834259 28.834259
27.489008 27.489008
26.225409 26.225409
25.038076 25.038076
23.921919 23.921919
22.87215 22.87215
21.884277 21.884277
20.9541 20.9541
20.077702 20.077702
19.251434 19.251434
18.471902 18.471902
17.735955 17.735955
17.040667 17.040667
16.383326 16.383326
15.761415 15.761415
15.172603 15.172603
14.61473 14.61473
14.085792 14.085792
13.583934 13.583934
13.107434 13.107434
12.654696 12.654696
12.22424 12.22424
11.814691 11.814691
11.424773 11.424773
11.053301 11.053301
10.699172 10.699172
10.361363 10.361363
25.033608 25.033608
23.865675 23.865675
22.768631 22.768631
21.737801 21.737801
20.768766 20.768766
19.857367 19.857367
18.999706 18.999706
18.192136 18.192136
17.431257 17.431257
16.713899 16.713899
16.037118 16.037118
15.398176 15.398176
14.794534 14.794534
14.223837 14.223837
13.683901 13.683901
13.1727 13.1727
12.68836 12.68836
12.229142 12.229142
11.793434 11.793434
11.379742 11.379742
10.986679 10.986679
10.612962 10.612962
10.257395 10.257395
9.9188728 9.9188728
9.5963645 9.5963645
9.2889138 9.2889138
8.9956309 8.9956309
21.721528 21.721528
20.708119 20.708119
19.75622 19.75622
18.861774 18.861774
18.020948 18.020948
17.230132 17.230132
16.485944 16.485944
15.78522 15.78522
15.125009 15.125009
14.502562 14.502562
13.915323 13.915323
13.360916 13.360916
12.83714 12.83714
12.341949 12.341949
11.873449 11.873449
11.429883 11.429883
11.009624 11.009624
10.611163 10.611163
10.233101 10.233101
9.8741427 9.8741427
9.5330847 9.5330847
9.2088119 9.2088119
8.900289 8.900289
8.6065548 8.6065548
8.326716 8.326716
8.0599427 8.0599427
7.8054627 7.8054627
18.837179 18.837179
17.958338 17.958338
17.13284 17.13284
16.357166 16.357166
15.627991 15.627991
14.942186 14.942186
14.296817 14.296817
13.689141 13.689141
13.116597 13.116597
12.576804 12.576804
12.067542 12.067542
11.586754 11.586754
11.132529 11.132529
10.703093 10.703093
10.296804 10.296804
9.9121387 9.9121387
9.5476848 9.5476848
9.2021343 9.2021343
8.8742746 8.8742746
8.5629812 8.5629812
8.2672114 8.2672114
7.9859981 7.9859981
7.7184432 7.7184432
7.4637132 7.4637132
7.2210335 7.2210335
6.9896844 6.9896844
6.7689962 6.7689962
16.326981 16.326981
15.565253 15.565253
14.849759 14.849759
14.177449 14.177449
13.545442 13.545442
12.951026 12.951026
12.391658 12.391658
11.864959 11.864959
11.368712 11.368712
10.90085 10.90085
10.459451 10.459451
10.042732 10.042732
9.6490359 9.6490359
9.2768259 9.2768259
8.924678 8.924678
8.5912721 8.5912721
8.2753845 8.2753845
7.9758813 7.9758813
7.6917114 7.6917114
7.4219002 7.4219002
7.1655441 7.1655441
6.9218045 6.9218045
6.6899034 6.6899034
6.4691181 6.4691181
6.2587774 6.2587774
6.0582573 6.0582573
5.8669775 5.8669775
14.143809 14.143809
13.483936 13.483936
12.864114 12.864114
12.281703 12.281703
11.734206 11.734206
11.219272 11.219272
10.7347 10.7347
10.27843 10.27843
9.8485386 9.8485386
9.443237 9.443237
9.0608607 9.0608607
8.6998634 8.6998634
8.3588104 8.3588104
8.0363708 8.0363708
7.7313106 7.7313106
7.4424863 7.4424863
7.1688378 7.1688378
6.9093829 6.9093829
6.663211 6.663211
6.4294778 6.4294778
6.2074005 6.2074005
5.9962527 5.9962527
5.7953604 5.7953604
5.6040976 5.6040976
5.4218827 5.4218827
5.2481753 5.2481753
5.0824726 5.0824726
12.246253 12.246253
11.674909 11.674909
11.138245 11.138245
10.633971 10.633971
10.159927 10.159927
9.7140777 9.7140777
9.2945167 9.2945167
8.8994602 8.8994602
8.527244 8.527244
8.1763184 8.1763184
7.8452424 7.8452424
7.5326771 7.5326771
7.2373804 7.2373804
6.9581998 6.9581998
6.694067 6.694067
6.4439919 6.4439919
6.2070566 6.2070566
5.9824105 5.9824105
5.7692654 5.7692654
5.5668903 5.5668903
5.3746073 5.3746073
5.1917874 5.1917874
5.0178471 5.0178471
4.8522444 4.8522444
4.6944758 4.6944758
4.5440732 4.5440732
4.4006015 4.4006015
10.597954 10.597954
10.103511 10.103511
9.6390797 9.6390797
9.2026794 9.2026794
8.7924398 8.7924398
8.4066005 8.4066005
8.043511 8.043511
7.7016276 7.7016276
7.3795104 7.3795104
7.0758181 7.0758181
6.7893037 6.7893037
6.5188086 6.5188086
6.2632577 6.2632577
6.0216538 6.0216538
5.7930724 5.7930724
5.5766564 5.5766564
5.3716117 5.3716117
5.1772022 5.1772022
4.9927457 4.9927457
4.8176095 4.8176095
4.651207 4.651207
4.492994 4.492994
4.3424655 4.3424655
4.1991523 4.1991523
4.0626187 4.0626187
3.9324597 3.9324597
3.8082987 3.8082987
9.16702 9.16702
8.7393371 8.7393371
8.3376131 8.3376131
7.9601357 7.9601357
7.6052866 7.6052866
7.2715434 7.2715434
6.9574783 6.9574783
6.661756 6.661756
6.3831311 6.3831311
6.1204434 6.1204434
5.8726141 5.8726141
5.6386413 5.6386413
5.4175949 5.4175949
5.2086124 5.2086124
5.0108939 5.0108939
4.8236985 4.8236985
4.6463389 4.6463389
4.4781786 4.4781786
4.3186273 4.3186273
4.167138 4.167138
4.0232032 4.0232032
3.8863521 3.8863521
3.7561479 3.7561479
3.6321848 3.6321848
3.514086 3.514086
3.4015011 3.4015011
3.2941042 3.2941042
7.9255073 7.9255073
7.5557468 7.5557468
7.2084295 7.2084295
6.8820749 6.8820749
6.575284 6.575284
6.2867406 6.2867406
6.0152101 6.0152101
5.7595384 5.7595384
5.5186484 5.5186484
5.2915372 5.2915372
5.0772722 5.0772722
4.8749869 4.8749869
4.6838774 4.6838774
4.503198 4.503198
4.3322571 4.3322571
4.170414 4.170414
4.0170747 4.0170747
3.8716888 3.8716888
3.733746 3.733746
3.6027732 3.6027732
3.4783319 3.4783319
3.3600149 3.3600149
3.2474446 3.2474446
3.1402702 3.1402702
3.0381658 3.0381658
2.9408285 2.9408285
2.8479767 2.8479767
6.8489507 6.8489507
6.5294166 6.5294166
6.229277 6.229277
5.9472527 5.9472527
5.6821347 5.6821347
5.4327855 5.4327855
5.1981383 5.1981383
4.9771957 4.9771957
4.7690269 4.7690269
4.5727653 4.5727653
4.3876048 4.3876048
4.2127969 4.2127969
4.0476467 4.0476467
3.8915098 3.8915098
3.7437886 3.7437886
3.6039294 3.6039294
3.4714189 3.4714189
3.3457814 3.3457814
3.226576 3.226576
3.1133939 3.1133939
3.005856 3.005856
2.9036105 2.9036105
2.8063311 2.8063311
2.7137147 2.7137147
2.6254796 2.6254796
2.5413641 2.5413641
2.4611247 2.4611247
5.9159419 5.9159419
5.6399369 5.6399369
5.3806844 5.3806844
5.1370794 5.1370794
4.9080776 4.9080776
4.6926965 4.6926965
4.4900146 4.4900146
4.2991702 4.2991702
4.1193596 4.1193596
3.9498341 3.9498341
3.7898975 3.7898975
3.6389031 3.6389031
3.4962508 3.4962508
3.3613839 3.3613839
3.2337863 3.2337863
3.1129796 3.1129796
2.9985206 2.9985206
2.8899983 2.8899983
2.7870318 2.7870318
2.6892682 2.6892682
2.5963798 2.5963798
2.5080629 2.5080629
2.4240355 2.4240355
2.3440359 2.3440359
2.2678208 2.2678208
2.195164 2.195164
2.1258554 2.1258554
5.1077683 5.1077683
4.8694683 4.8694683
4.6456323 4.6456323
4.4353061 4.4353061
4.2375883 4.2375883
4.0516303 4.0516303
3.8766368 3.8766368
3.7118636 3.7118636
3.5566169 3.5566169
3.4102503 3.4102503
3.2721626 3.2721626
3.1417955 3.1417955
3.0186309 3.0186309
2.9021881 2.9021881
2.7920215 2.7920215
2.6877182 2.6877182
2.5888954 2.5888954
2.4951983 2.4951983
2.4062981 2.4062981
2.3218898 2.3218898
2.2416909 2.2416909
2.1654389 2.1654389
2.0928905 2.0928905
2.0238196 2.0238196
1.9580162 1.9580162
1.895285 1.895285
1.8354447 1.8354447
4.4080901 4.4080901
4.2024333 4.2024333
4.0092592 4.0092592
3.8277443 3.8277443
3.6571105 3.6571105
3.4966258 3.4966258
3.3456034 3.3456034
3.2034015 3.2034015
3.0694211 3.0694211
2.9431042 2.9431042
2.8239322 2.8239322
2.7114233 2.7114233
2.6051302 2.6051302
2.5046382 2.5046382
2.4095626 2.4095626
2.3195471 2.3195471
2.2342614 2.2342614
2.1533992 2.1533992
2.0766768 2.0766768
2.0038311 2.0038311
1.9346181 1.9346181
1.8688114 1.8688114
1.8062009 1.8062009
1.7465915 1.7465915
1.6898021 1.6898021
1.635664 1.635664
1.5840208 1.5840208
3.8026489 3.8026489
3.6252388 3.6252388
3.4585968 3.4585968
3.3020126 3.3020126
3.1548151 3.1548151
3.0163726 3.0163726
2.886093 2.886093
2.7634222 2.7634222
2.6478437 2.6478437
2.5388763 2.5388763
2.4360724 2.4360724
2.3390163 2.3390163
2.2473224 2.2473224
2.1606327 2.1606327
2.0786156 2.0786156
2.0009636 2.0009636
1.9273916 1.9273916
1.8576357 1.8576357
1.791451 1.791451
1.7286105 1.7286105
1.6689037 1.6689037
1.6121354 1.6121354
1.5581244 1.5581244
1.5067022 1.5067022
1.4577127 1.4577127
1.4110104 1.4110104
1.3664602 1.3664602
3.27901 3.27901
3.12603 3.12603
2.9823353 2.9823353
2.8473135 2.8473135
2.7203857 2.7203857
2.6010074 2.6010074
2.4886678 2.4886678
2.3828893 2.3828893
2.2832265 2.2832265
2.1892643 2.1892643
2.1006169 2.1006169
2.0169259 2.0169259
1.9378585 1.9378585
1.8631064 1.8631064
1.7923834 1.7923834
1.7254244 1.7254244
1.6619836 1.6619836
1.6018333 1.6018333
1.5447625 1.5447625
1.4905754 1.4905754
1.4390905 1.4390905
1.3901394 1.3901394
1.3435659 1.3435659
1.2992247 1.2992247
1.2569812 1.2569812
1.21671 1.21671
1.1782946 1.1782946
2.8263382 2.8263382
2.6944774 2.6944774
2.5706201 2.5706201
2.4542383 2.4542383
2.3448332 2.3448332
2.2419353 2.2419353
2.1451044 2.1451044
2.0539288 2.0539288
1.9680246 1.9680246
1.8870341 1.8870341
1.8106246 1.8106246
1.7384873 1.7384873
1.6703354 1.6703354
1.6059029 1.6059029
1.5449433 1.5449433
1.4872281 1.4872281
1.4325454 1.4325454
1.380699 1.380699
1.3315069 1.3315069
1.2848004 1.2848004
1.2404231 1.2404231
1.1982298 1.1982298
1.1580858 1.1580858
1.119866 1.119866
1.0834543 1.0834543
1.0487426 1.0487426
1.0156304 1.0156304
2.4351996 2.4351996
2.3215872 2.3215872
2.2148707 2.2148707
2.1145951 2.1145951
2.0203307 2.0203307
1.931673 1.931673
1.8482426 1.8482426
1.769685 1.769685
1.6956691 1.6956691
1.625887 1.625887
1.5600519 1.5600519
1.4978978 1.4978978
1.4391775 1.4391775
1.3836619 1.3836619
1.3311385 1.3311385
1.2814106 1.2814106
1.2342955 1.2342955
1.1896242 1.1896242
1.1472398 1.1472398
1.1069971 1.1069971
1.0687611 1.0687611
1.032407 1.032407
0.99781855 0.99781855
0.96488805 0.96488805
0.93351537 0.93351537
0.90360744 0.90360744
0.87507771 0.87507771
2.0973846 2.0973846
1.9995328 1.9995328
1.9076203 1.9076203
1.8212552 1.8212552
1.7400674 1.7400674
1.6637085 1.6637085
1.5918518 1.5918518
1.5241918 1.5241918
1.4604437 1.4604437
1.4003419 1.4003419
1.3436396 1.3436396
1.2901076 1.2901076
1.2395331 1.2395331
1.1917188 1.1917188
1.1464816 1.1464816
1.103652 1.103652
1.0630728 1.0630728
1.0245984 1.0245984
0.98809366 0.98809366
0.95343347 0.95343347
0.92050171 0.92050171
0.88919068 0.88919068
0.85940041 0.85940041
0.83103809 0.83103809
0.80401748 0.80401748
0.77825844 0.77825844
0.7536864 0.7536864
1.8057528 1.8057528
1.721507 1.721507
1.6423746 1.6423746
1.5680183 1.5680183
1.4981193 1.4981193
1.4323778 1.4323778
1.3705125 1.3705125
1.3122605 1.3122605
1.2573762 1.2573762
1.2056314 1.2056314
1.1568133 1.1568133
1.1107247 1.1107247
1.0671824 1.0671824
1.0260165 1.0260165
0.98706933 0.98706933
0.95019503 0.95019503
0.91525822 0.91525822
0.88213349 0.88213349
0.8507046 0.8507046
0.82086376 0.82086376
0.79251102 0.79251102
0.76555366 0.76555366
0.7399056 0.7399056
0.71548694 0.71548694
0.69222343 0.69222343
0.67004606 0.67004606
0.64889065 0.64889065
1.5540992 1.5540992
1.4815941 1.4815941
1.4134899 1.4134899
1.3494961 1.3494961
1.2893385 1.2893385
1.2327589 1.2327589
1.1795154 1.1795154
1.1293815 1.1293815
1.0821461 1.0821461
1.0376126 1.0376126
0.99559794 0.99559794
0.9559324 0.9559324
0.91845827 0.91845827
0.88302932 0.88302932
0.84950997 0.84950997
0.81777457 0.81777457
0.78770665 0.78770665
0.75919827 0.75919827
0.73214939 0.73214939
0.70646725 0.70646725
0.68206582 0.68206582
0.6588653 0.6588653
0.63679162 0.63679162
0.615776 0.615776
0.59575454 0.59575454
0.57666786 0.57666786
0.55846072 0.55846072
1.3370352 1.3370352
1.2746572 1.2746572
1.2160653 1.2160653
1.1610097 1.1610097
1.1092545 1.1092545
1.0605776 1.0605776
1.0147707 1.0147707
0.97163917 0.97163917
0.93100128 0.93100128
0.89268785 0.89268785
0.85654153 0.85654153
0.82241618 0.82241618
0.79017616 0.79017616
0.75969567 0.75969567
0.73085805 0.73085805
0.70355521 0.70355521
0.67768695 0.67768695
0.65316041 0.65316041
0.62988951 0.62988951
0.60779445 0.60779445
0.58680123 0.58680123
0.56684117 0.56684117
0.54785057 0.54785057
0.52977025 0.52977025
0.51254523 0.51254523
0.49612443 0.49612443
0.48046031 0.48046031
1.1498842 1.1498842
1.0962376 1.0962376
1.0458471 1.0458471
0.99849803 0.99849803
0.95398731 0.95398731
0.91212399 0.91212399
0.87272898 0.87272898
0.83563481 0.83563481
0.80068525 0.80068525
0.76773476 0.76773476
0.73664805 0.73664805
0.70729941 0.70729941
0.67957221 0.67957221
0.65335823 0.65335823
0.62855718 0.62855718
0.60507606 0.60507606
0.58282872 0.58282872
0.56173529 0.56173529
0.54172173 0.54172173
0.52271943 0.52271943
0.50466474 0.50466474
0.48749859 0.48749859
0.4711662 0.4711662
0.45561666 0.45561666
0.44080272 0.44080272
0.42668041 0.42668041
0.41320888 0.41320888
0.9885892 0.9885892
0.94246773 0.94246773
0.89914565 0.89914565
0.8584383 0.8584383
0.8201712 0.8201712
0.78418013 0.78418013
0.75031114 0.75031114
0.71842025 0.71842025
0.68837312 0.68837312
0.66004466 0.66004466
0.63331854 0.63331854
0.60808668 0.60808668
0.58424882 0.58424882
0.56171192 0.56171192
0.54038974 0.54038974
0.52020236 0.52020236
0.50107568 0.50107568
0.48294105 0.48294105
0.46573483 0.46573483
0.449398 0.449398
0.43387586 0.43387586
0.41911763 0.41911763
0.40507619 0.40507619
0.39170781 0.39170781
0.37897182 0.37897182
0.36683047 0.36683047
0.35524859 0.35524859
0.84963311 0.84963311
0.80999456 0.80999456
0.77276191 0.77276191
0.73777646 0.73777646
0.70488824 0.70488824
0.67395614 0.67395614
0.64484783 0.64484783
0.61743956 0.61743956
0.5916159 0.5916159
0.56726933 0.56726933
0.54429986 0.54429986
0.52261463 0.52261463
0.50212744 0.50212744
0.48275835 0.48275835
0.46443324 0.46443324
0.44708341 0.44708341
0.43064519 0.43064519
0.41505958 0.41505958
0.40027187 0.40027187
0.38623136 0.38623136
0.37289102 0.37289102
0.36020721 0.36020721
0.34813945 0.34813945
0.33665012 0.33665012
0.32570431 0.32570431
0.31526955 0.31526955
0.30531562 0.30531562
0.72996853 0.72996853
0.69591286 0.69591286
0.66392423 0.66392423
0.63386629 0.63386629
0.6056102 0.6056102
0.57903471 0.57903471
0.55402614 0.55402614
0.53047817 0.53047817
0.50829163 0.50829163
0.48737413 0.48737413
0.46763977 0.46763977
0.44900877 0.44900877
0.43140708 0.43140708
0.41476601 0.41476601
0.39902187 0.39902187
0.38411566 0.38411566
0.36999266 0.36999266
0.35660218 0.35660218
0.34389722 0.34389722
0.33183422 0.33183422
0.32037278 0.32037278
0.3094754 0.3094754
0.29910729 0.29910729
0.28923616 0.28923616
0.27983199 0.27983199
0.27086689 0.27086689
0.2623149 0.2623149
0.62695617 0.62695617
0.59770648 0.59770648
0.57023212 0.57023212
0.54441599 0.54441599
0.52014743 0.52014743
0.4973223 0.4973223
0.47584296 0.47584296
0.4556181 0.4556181
0.43656253 0.43656253
0.41859692 0.41859692
0.40164749 0.40164749
0.3856457 0.3856457
0.37052797 0.37052797
0.35623528 0.35623528
0.34271296 0.34271296
0.32991032 0.32991032
0.31778035 0.31778035
0.30627954 0.30627954
0.2953675 0.2953675
0.28500683 0.28500683
0.27516281 0.27516281
0.26580327 0.26580327
0.25689831 0.25689831
0.24842018 0.24842018
0.24034312 0.24034312
0.23264316 0.23264316
0.22529803 0.22529803
0.53831112 0.53831112
0.51319711 0.51319711
0.48960741 0.48960741
0.46744147 0.46744147
0.44660429 0.44660429
0.42700644 0.42700644
0.4085641 0.4085641
0.39119887 0.39119887
0.3748376 0.3748376
0.35941217 0.35941217
0.34485924 0.34485924
0.33111997 0.33111997
0.31813974 0.31813974
0.30586792 0.30586792
0.29425753 0.29425753
0.28326506 0.28326506
0.27285016 0.27285016
0.26297545 0.26297545
0.25360628 0.25360628
0.2447105 0.2447105
0.23625834 0.23625834
0.22822214 0.22822214
0.22057625 0.22057625
0.21329685 0.21329685
0.2063618 0.2063618
0.19975054 0.19975054
0.19344393 0.19344393
0.46205679 0.46205679
0.44050038 0.44050038
0.42025234 0.42025234
0.40122637 0.40122637
0.38334093 0.38334093
0.36651926 0.36651926
0.35068941 0.35068941
0.33578409 0.33578409
0.3217405 0.3217405
0.30850019 0.30850019
0.29600878 0.29600878
0.28421577 0.28421577
0.27307428 0.27307428
0.26254084 0.26254084
0.25257514 0.25257514
0.24313982 0.24313982
0.23420025 0.23420025
0.22572435 0.22572435
0.21768237 0.21768237
0.21004674 0.21004674
0.20279187 0.20279187
0.19589404 0.19589404
0.18933124 0.18933124
0.183083 0.183083
0.17713034 0.17713034
0.1714556 0.1714556
0.16604235 0.16604235
0.39648423 0.39648423
0.37798705 0.37798705
0.36061257 0.36061257
0.34428673 0.34428673
0.32893954 0.32893954
0.31450516 0.31450516
0.30092184 0.30092184
0.28813184 0.28813184
0.27608128 0.27608128
0.26471999 0.26471999
0.25400132 0.25400132
0.24388193 0.24388193
0.2343216 0.2343216
0.22528303 0.22528303
0.21673162 0.21673162
0.20863532 0.20863532
0.20096443 0.20096443
0.19369139 0.19369139
0.1867907 0.1867907
0.18023868 0.18023868
0.17401339 0.17401339
0.16809447 0.16809447
0.16246302 0.16246302
0.15710151 0.15710151
0.15199362 0.15199362
0.1471242 0.1471242
0.14247917 0.14247917
0.00033797888 1514.6343
0.00034853983 1554.6071
0.00035938433 1589.9116
0.00037050401 1621.0093
0.00038189083 1648.3126
0.00039353716 1672.1907
0.00040543572 1692.9741
0.00041757961 1710.9597
0.00042996227 1726.4141
0.00044257751 1739.577
0.00045541942 1750.6644
0.00046848246 1759.871
0.00048176133 1767.3725
0.00049525106 1773.3276
0.0005089469 1777.8797
0.0005228444 1781.1588
0.0005369393 1783.2826
0.00055122758 1784.3577
0.00056570542 1784.481
0.00058036922 1783.7404
0.00059521552 1782.2158
0.00061024105 1779.9801
0.00062544272 1777.0993
0.00064081757 1773.6338
0.00065636276 1769.6386
0.00067207562 1765.1639
0.00068795358 1760.2554
5.020947 9.6978591e+09 1.3228757
4.9931983 1.1085016e+10 1.3601471
4.9550594 1.233916e+10 1.396424
4.9092435 1.345546e+10 1.4317821
4.8579062 1.4435975e+10 1.4662878
4.8027412 1.5287071e+10 1.5
4.7450681 1.6017587e+10 1.532971
4.6859066 1.6637569e+10 1.5652476
4.6260385 1.7157431e+10 1.5968719
4.5660589 1.7587416e+10 1.6278821
4.5064159 1.7937272e+10 1.6583124
4.4474436 1.8216072e+10 1.6881943
4.389387 1.8432132e+10 1.7175564
7
