# Fiducial parameters, omega_b = 0.022377, omega_cdm = 0.12268, H0 = 67.5, ln10^{10}A_s = 3.0447, n_s = 0.9659, tau_reio = 0.065, f_dcdm = 0.0336, Log10_Gamma_dcdm = 4.237, sigma_NL = 7, beta_0^Euclid = 1, beta_1^Euclid = 1, z_reio = 1, Omega_Lambda = 1, Omega_m = 1, YHe = 1, 100*theta_s = 0, A_s = 0, sigma8 = 0, rs_rec = 0
3.2447093e-10
-2.6918279e-09
-2.8143146e-09
-2.8746909e-09
-2.9191381e-09
-2.9569755e-09
-2.9887053e-09
-3.0174856e-09
-3.0462867e-09
-3.0853442e-09
0
-7.5261024e-10
-3.4098204e-09
-3.4628248e-09
-3.5012402e-09
-3.5338767e-09
-3.5612385e-09
-3.5860557e-09
-3.6108895e-09
-3.6445641e-09
0
0
-9.3114755e-10
-3.4756787e-09
-3.4752827e-09
-3.473999e-09
-3.4727786e-09
-3.4716567e-09
-3.4705288e-09
-3.4689889e-09
0
0
0
-8.9765178e-10
-3.3928084e-09
-3.3517487e-09
-3.3163707e-09
-3.2841546e-09
-3.2518965e-09
-3.2081318e-09
0
0
0
0
-7.6473104e-10
-3.2148958e-09
-3.1368098e-09
-3.0651451e-09
-2.9933024e-09
-2.8958379e-09
0
0
0
0
0
-5.3447596e-10
-2.9420725e-09
-2.8196227e-09
-2.6962553e-09
-2.5288113e-09
0
0
0
0
0
0
-2.1497859e-10
-2.5708393e-09
-2.3840917e-09
-2.1299172e-09
0
0
0
0
0
0
0
2.1952454e-10
-2.053119e-09
-1.6873167e-09
0
0
0
0
0
0
0
0
8.5285842e-10
-1.1620531e-09
0
0
0
0
0
0
0
0
0
2.2001525e-09
5.5661835e-10
-2.4417396e-09
-2.5599551e-09
-2.6181814e-09
-2.6610444e-09
-2.6975332e-09
-2.7281322e-09
-2.755887e-09
-2.7836621e-09
-2.8213286e-09
0
-4.801005e-10
-3.1262496e-09
-3.1728454e-09
-3.206438e-09
-3.2349573e-09
-3.2588654e-09
-3.2805499e-09
-3.3022487e-09
-3.3316718e-09
0
0
-6.2544982e-10
-3.1551096e-09
-3.1429218e-09
-3.1314318e-09
-3.1216265e-09
-3.1127154e-09
-3.1037917e-09
-3.0916788e-09
0
0
0
-5.5419657e-10
-3.03001e-09
-2.9717333e-09
-2.9217447e-09
-2.8762529e-09
-2.8307064e-09
-2.7689183e-09
0
0
0
0
-3.7441118e-10
-2.7989669e-09
-2.6986641e-09
-2.6066916e-09
-2.5145031e-09
-2.3894412e-09
0
0
0
0
0
-8.3336104e-11
-2.4592079e-09
-2.3072803e-09
-2.1542566e-09
-1.946569e-09
0
0
0
0
0
0
3.1010607e-10
-2.0052771e-09
-1.7772581e-09
-1.4669377e-09
0
0
0
0
0
0
0
8.3834535e-10
-1.3783518e-09
-9.3565077e-10
0
0
0
0
0
0
0
0
1.6026264e-09
-3.0564634e-10
0
0
0
0
0
0
0
0
0
3.2205655e-09
8.0190537e-10
-2.1668383e-09
-2.277519e-09
-2.3319789e-09
-2.3720673e-09
-2.406194e-09
-2.4348124e-09
-2.4607707e-09
-2.4867482e-09
-2.5219773e-09
0
-1.6555363e-10
-2.7955757e-09
-2.8331931e-09
-2.8600613e-09
-2.8828433e-09
-2.9019391e-09
-2.9192584e-09
-2.9365888e-09
-2.9600875e-09
0
0
-2.6653965e-10
-2.7779971e-09
-2.751483e-09
-2.7276106e-09
-2.7073928e-09
-2.689034e-09
-2.6706551e-09
-2.6457181e-09
0
0
0
-1.5014281e-10
-2.6033715e-09
-2.5250328e-09
-2.4580271e-09
-2.3970738e-09
-2.3360509e-09
-2.2532718e-09
0
0
0
0
8.3800798e-11
-2.3114399e-09
-2.1857196e-09
-2.0705154e-09
-1.9550517e-09
-1.7984191e-09
0
0
0
0
0
4.4414448e-10
-1.8957419e-09
-1.7103767e-09
-1.5237117e-09
-1.2703724e-09
0
0
0
0
0
0
9.212795e-10
-1.348346e-09
-1.0736609e-09
-6.9985256e-10
0
0
0
0
0
0
0
1.5554142e-09
-5.9806218e-10
-6.844067e-11
0
0
0
0
0
0
0
0
2.467734e-09
6.8018178e-10
0
0
0
0
0
0
0
0
0
4.3927308e-09
1.0107681e-09
-1.9201772e-09
-2.020825e-09
-2.0702823e-09
-2.1066858e-09
-2.1376755e-09
-2.1636633e-09
-2.1872356e-09
-2.2108253e-09
-2.2428163e-09
0
1.3444686e-10
-2.4753942e-09
-2.502e-09
-2.5206404e-09
-2.5364043e-09
-2.5496135e-09
-2.5615932e-09
-2.5735797e-09
-2.5898311e-09
0
0
8.6528017e-11
-2.4042498e-09
-2.3615246e-09
-2.3236502e-09
-2.2916588e-09
-2.2626177e-09
-2.2335475e-09
-2.1941102e-09
0
0
0
2.5348328e-10
-2.1747981e-09
-2.0743142e-09
-1.9885256e-09
-1.9105063e-09
-1.8324011e-09
-1.7264526e-09
0
0
0
0
5.4690227e-10
-1.8162854e-09
-1.6627667e-09
-1.522152e-09
-1.3812295e-09
-1.190064e-09
0
0
0
0
0
9.8282161e-10
-1.3178247e-09
-1.0959786e-09
-8.7260523e-10
-5.6945147e-10
0
0
0
0
0
0
1.5512118e-09
-6.6845612e-10
-3.4279297e-10
1.0037715e-10
0
0
0
0
0
0
0
2.3010849e-09
2.1686631e-10
8.4175464e-10
0
0
0
0
0
0
0
0
3.3759143e-09
1.7213097e-09
0
0
0
0
0
0
0
0
0
5.6405544e-09
1.2559374e-09
-1.6268118e-09
-1.7145119e-09
-1.7575267e-09
-1.7891851e-09
-1.8161354e-09
-1.8387356e-09
-1.8592353e-09
-1.8797503e-09
-1.9075716e-09
0
4.9647064e-10
-2.0892683e-09
-2.1029498e-09
-2.1119529e-09
-2.1194983e-09
-2.1258142e-09
-2.131541e-09
-2.1372699e-09
-2.1450345e-09
0
0
5.0932696e-10
-1.9589292e-09
-1.898612e-09
-1.8455513e-09
-1.8007914e-09
-1.7601652e-09
-1.7195005e-09
-1.6643377e-09
0
0
0
7.3055203e-10
-1.6713055e-09
-1.5473726e-09
-1.4416941e-09
-1.3456026e-09
-1.2494077e-09
-1.1189239e-09
0
0
0
0
1.0866181e-09
-1.2429183e-09
-1.0601959e-09
-8.928798e-10
-7.2520434e-10
-4.9775056e-10
0
0
0
0
0
1.6017664e-09
-6.5770719e-10
-3.9755019e-10
-1.3561799e-10
2.1986261e-10
0
0
0
0
0
0
2.2659869e-09
9.8927552e-11
4.7832042e-10
9.9460804e-10
0
0
0
0
0
0
0
3.1379986e-09
1.1271486e-09
1.8530291e-09
0
0
0
0
0
0
0
0
4.3855513e-09
2.8729333e-09
0
0
0
0
0
0
0
0
0
7.015246e-09
1.4792695e-09
-1.3521886e-09
-1.4259104e-09
-1.4619786e-09
-1.4885209e-09
-1.5111157e-09
-1.5300635e-09
-1.5472503e-09
-1.5644499e-09
-1.587775e-09
0
8.4536407e-10
-1.7154249e-09
-1.7158676e-09
-1.7150078e-09
-1.714143e-09
-1.7134047e-09
-1.7127328e-09
-1.712058e-09
-1.7111378e-09
0
0
9.1942604e-10
-1.5268474e-09
-1.4493656e-09
-1.3814833e-09
-1.3242602e-09
-1.2723259e-09
-1.2203438e-09
-1.1498314e-09
0
0
0
1.1932176e-09
-1.1831282e-09
-1.0365169e-09
-9.1158959e-10
-7.9800625e-10
-6.8430246e-10
-5.30071e-10
0
0
0
0
1.6097494e-09
-6.8717404e-10
-4.7608759e-10
-2.8282209e-10
-8.9144505e-11
1.7357927e-10
0
0
0
0
0
2.2019121e-09
-1.7260942e-11
2.8046656e-10
5.8023036e-10
9.870535e-10
0
0
0
0
0
0
2.9603603e-09
8.4542444e-10
1.2781367e-09
1.8670046e-09
0
0
0
0
0
0
0
3.9540364e-09
2.0168505e-09
2.8442504e-09
0
0
0
0
0
0
0
0
5.3761355e-09
4.0082376e-09
0
0
0
0
0
0
0
0
0
8.3819224e-09
1.6674424e-09
-1.1157481e-09
-1.1762026e-09
-1.2056861e-09
-1.2273789e-09
-1.2458452e-09
-1.261331e-09
-1.2753775e-09
-1.2894343e-09
-1.3084976e-09
0
1.1521541e-09
-1.3862281e-09
-1.3748966e-09
-1.3652686e-09
-1.3569268e-09
-1.349917e-09
-1.3435562e-09
-1.3371882e-09
-1.3285467e-09
0
0
1.2795715e-09
-1.1480807e-09
-1.0560174e-09
-9.7552748e-10
-9.0769958e-10
-8.4614288e-10
-7.8453048e-10
-7.0095673e-10
0
0
0
1.5976981e-09
-7.5699692e-10
-5.9104881e-10
-4.496826e-10
-3.2115667e-10
-1.9249533e-10
-1.797662e-11
0
0
0
0
2.065816e-09
-2.0289341e-10
3.2846551e-11
2.4869523e-10
4.6500637e-10
7.584313e-10
0
0
0
0
0
2.7252067e-09
5.4178075e-10
8.7295576e-10
1.2064299e-09
1.6590069e-09
0
0
0
0
0
0
3.5680781e-09
1.500551e-09
1.9818991e-09
2.637006e-09
0
0
0
0
0
0
0
4.6735639e-09
2.8050496e-09
3.7272785e-09
0
0
0
0
0
0
0
0
6.2602407e-09
5.030775e-09
0
0
0
0
0
0
0
0
0
9.6320745e-09
1.8396593e-09
-8.9844044e-10
-9.4670267e-10
-9.7014799e-10
-9.8739423e-10
-1.0020752e-09
-1.0143865e-09
-1.0255536e-09
-1.0367289e-09
-1.0518843e-09
0
1.432646e-09
-1.0879287e-09
-1.0674255e-09
-1.0509745e-09
-1.0368144e-09
-1.0249244e-09
-1.0141368e-09
-1.0033386e-09
-9.8868893e-10
0
0
1.5997743e-09
-8.1496462e-10
-7.1273196e-10
-6.2342491e-10
-5.481752e-10
-4.7988375e-10
-4.1153112e-10
-3.1881591e-10
0
0
0
1.9482431e-09
-3.9146859e-10
-2.1199744e-10
-5.9093429e-11
7.9926661e-11
2.1909322e-10
4.0786022e-10
0
0
0
0
2.4524408e-09
2.0406013e-10
4.5774487e-10
6.9007615e-10
9.2291372e-10
1.2387563e-09
0
0
0
0
0
3.1611859e-09
1.0048808e-09
1.3616219e-09
1.7209104e-09
2.2085308e-09
0
0
0
0
0
0
4.0693945e-09
2.0396447e-09
2.5599617e-09
3.2681943e-09
0
0
0
0
0
0
0
5.2657165e-09
3.4544655e-09
4.4560577e-09
0
0
0
0
0
0
0
0
6.9924145e-09
5.8836736e-09
0
0
0
0
0
0
0
0
0
1.0692784e-08
1.9804321e-09
-7.1994461e-10
-7.5832094e-10
-7.7688806e-10
-7.9054243e-10
-8.0216563e-10
-8.1191271e-10
-8.2075384e-10
-8.2960152e-10
-8.4160023e-10
0
1.6602104e-09
-8.4982023e-10
-8.2418652e-10
-8.039321e-10
-7.8652869e-10
-7.7191809e-10
-7.5866287e-10
-7.4539517e-10
-7.2739666e-10
0
0
1.8465558e-09
-5.6358253e-10
-4.5763086e-10
-3.650559e-10
-2.8704595e-10
-2.1624888e-10
-1.4538871e-10
-4.9272997e-11
0
0
0
2.205048e-09
-1.2944295e-10
5.4997654e-11
2.1221727e-10
3.5517466e-10
4.982837e-10
6.9239762e-10
0
0
0
0
2.7224822e-09
4.8263336e-10
7.4417468e-10
9.8380264e-10
1.223969e-09
1.5497535e-09
0
0
0
0
0
3.4535558e-09
1.3110628e-09
1.6811535e-09
2.0540033e-09
2.5600449e-09
0
0
0
0
0
0
4.3972387e-09
2.3898399e-09
2.9335708e-09
3.673811e-09
0
0
0
0
0
0
0
5.6501791e-09
3.8770296e-09
4.9318939e-09
0
0
0
0
0
0
0
0
7.4744953e-09
6.4545818e-09
0
0
0
0
0
0
0
0
0
1.1431065e-08
2.1004562e-09
-5.6728068e-10
-5.9750507e-10
-6.1207177e-10
-6.2278134e-10
-6.3189764e-10
-6.3954246e-10
-6.4647673e-10
-6.5341612e-10
-6.6282692e-10
0
1.8506318e-09
-6.555132e-10
-6.2856986e-10
-6.0738294e-10
-5.8918629e-10
-5.7391044e-10
-5.6005191e-10
-5.4618065e-10
-5.2736402e-10
0
0
2.0363723e-09
-3.7787181e-10
-2.7506141e-10
-1.8514282e-10
-1.0935286e-10
-4.0568724e-11
2.8276631e-11
1.2165893e-10
0
0
0
2.3829735e-09
4.2685167e-11
2.2235419e-10
3.7564366e-10
5.1504938e-10
6.5460492e-10
8.4389849e-10
0
0
0
0
2.8872596e-09
6.4185096e-10
8.9911687e-10
1.1349768e-09
1.3713904e-09
1.6920859e-09
0
0
0
0
0
3.6077083e-09
1.462318e-09
1.8303456e-09
2.2012805e-09
2.7047463e-09
0
0
0
0
0
0
4.5486602e-09
2.5433596e-09
3.0900023e-09
3.834397e-09
0
0
0
0
0
0
0
5.8124363e-09
4.0510821e-09
5.12329e-09
0
0
0
0
0
0
0
0
7.6748394e-09
6.6976182e-09
0
0
0
0
0
0
0
0
0
1.1778545e-08
2.1950942e-09
-4.4527694e-10
-4.6887469e-10
-4.8021126e-10
-4.8854394e-10
-4.9563685e-10
-5.0158486e-10
-5.0698003e-10
-5.1237918e-10
-5.1970118e-10
0
2.001476e-09
-5.0557013e-10
-4.8018289e-10
-4.602374e-10
-4.4310547e-10
-4.2872314e-10
-4.1567531e-10
-4.0261563e-10
-3.8490026e-10
0
0
2.1717055e-09
-2.5390708e-10
-1.6011178e-10
-7.7955718e-11
-8.6837082e-12
5.4187508e-11
1.1711473e-10
2.0246937e-10
0
0
0
2.4873786e-09
1.3105884e-10
2.9677647e-10
4.3833314e-10
5.6709631e-10
6.9600049e-10
8.708464e-10
0
0
0
0
2.9532018e-09
6.8805554e-10
9.2871744e-10
1.1495387e-09
1.3709082e-09
1.6711987e-09
0
0
0
0
0
3.6289451e-09
1.4626963e-09
1.8119857e-09
2.1642379e-09
2.6423752e-09
0
0
0
0
0
0
4.5251208e-09
2.4989196e-09
3.0250822e-09
3.7418279e-09
0
0
0
0
0
0
0
5.7465926e-09
3.9656225e-09
5.0121332e-09
0
0
0
0
0
0
0
0
7.5743159e-09
6.5817281e-09
0
0
0
0
0
0
0
0
0
1.168269e-08
2.274434e-09
-3.4170887e-10
-3.5937165e-10
-3.6782531e-10
-3.7403728e-10
-3.7932491e-10
-3.8375902e-10
-3.8778099e-10
-3.9180592e-10
-3.9726426e-10
0
2.1309033e-09
-3.7804553e-10
-3.550116e-10
-3.3694858e-10
-3.2143427e-10
-3.084098e-10
-2.9659389e-10
-2.8476737e-10
-2.6872498e-10
0
0
2.2814204e-09
-1.5880537e-10
-7.6905204e-11
-5.0738724e-12
5.5513712e-11
1.1050527e-10
1.6554589e-10
2.4020296e-10
0
0
0
2.5564372e-09
1.7777036e-10
3.2365084e-10
4.4841742e-10
5.6193448e-10
6.7557853e-10
8.2972553e-10
0
0
0
0
2.966899e-09
6.7149454e-10
8.8620232e-10
1.0833928e-09
1.2811038e-09
1.5493038e-09
0
0
0
0
0
3.5712098e-09
1.3689434e-09
1.6852466e-09
2.0044491e-09
2.437758e-09
0
0
0
0
0
0
4.3856257e-09
2.3171949e-09
2.8010115e-09
3.46034e-09
0
0
0
0
0
0
0
5.513782e-09
3.6817199e-09
4.6591933e-09
0
0
0
0
0
0
0
0
7.2314387e-09
6.1609185e-09
0
0
0
0
0
0
0
0
0
1.118363e-08
2.3324228e-09
-2.6494269e-10
-2.7788693e-10
-2.8405215e-10
-2.8858119e-10
-2.9243622e-10
-2.9566897e-10
-2.9860122e-10
-3.0153561e-10
-3.0551498e-10
0
2.2287383e-09
-2.8169951e-10
-2.6078629e-10
-2.4445762e-10
-2.3043944e-10
-2.1867146e-10
-2.0799553e-10
-1.9731007e-10
-1.8281569e-10
0
0
2.3618503e-09
-9.242665e-11
-2.2290259e-11
3.9245424e-11
9.1157606e-11
1.3827628e-10
1.8543704e-10
2.4940574e-10
0
0
0
2.5965383e-09
1.9433201e-10
3.1894436e-10
4.256089e-10
5.2267359e-10
6.198488e-10
7.5165744e-10
0
0
0
0
2.9469268e-09
6.1694979e-10
8.0157212e-10
9.7126728e-10
1.1414352e-09
1.3722745e-09
0
0
0
0
0
3.4670689e-09
1.2201316e-09
1.4950548e-09
1.7726821e-09
2.1495828e-09
0
0
0
0
0
0
4.1766989e-09
2.0512695e-09
2.4773369e-09
3.0582181e-09
0
0
0
0
0
0
0
5.173942e-09
3.2657667e-09
4.1394296e-09
0
0
0
0
0
0
0
0
6.7182701e-09
5.5139511e-09
0
0
0
0
0
0
0
0
0
1.0360496e-08
2.3769866e-09
-2.0646447e-10
-2.1601404e-10
-2.2053418e-10
-2.2385359e-10
-2.2667894e-10
-2.2904822e-10
-2.3119724e-10
-2.3334782e-10
-2.3626422e-10
0
2.3018193e-09
-2.1036381e-10
-1.9140221e-10
-1.7666452e-10
-1.6402033e-10
-1.5340657e-10
-1.4377782e-10
-1.3414055e-10
-1.210681e-10
0
0
2.42011e-09
-4.5810698e-11
1.4394788e-11
6.7176215e-11
1.1169868e-10
1.5210986e-10
1.9255711e-10
2.4741953e-10
0
0
0
2.6209379e-09
1.9815106e-10
3.0386289e-10
3.9434932e-10
4.7669557e-10
5.5913624e-10
6.7095886e-10
0
0
0
0
2.9176043e-09
5.5532712e-10
7.1144386e-10
8.5498722e-10
9.9894199e-10
1.1942234e-09
0
0
0
0
0
3.3570527e-09
1.0653382e-09
1.2983357e-09
1.5337275e-09
1.8533085e-09
0
0
0
0
0
0
3.9587403e-09
1.7720335e-09
2.1354691e-09
2.6311366e-09
0
0
0
0
0
0
0
4.8109821e-09
2.8146882e-09
3.567351e-09
0
0
0
0
0
0
0
0
6.1470125e-09
4.7732285e-09
0
0
0
0
0
0
0
0
0
9.366741e-09
2.3827423e-09
-1.9201217e-10
-1.9967716e-10
-2.0329761e-10
-2.0595578e-10
-2.0821828e-10
-2.1011553e-10
-2.1183638e-10
-2.1355845e-10
-2.1589366e-10
0
2.3224198e-09
-1.9405216e-10
-1.780684e-10
-1.6563603e-10
-1.5496964e-10
-1.4601613e-10
-1.3789354e-10
-1.2976374e-10
-1.1873606e-10
0
0
2.4219007e-09
-5.5085294e-11
-4.0583011e-12
4.0662203e-11
7.8381395e-11
1.1261719e-10
1.4688354e-10
1.9336227e-10
0
0
0
2.592261e-09
1.518563e-10
2.4137819e-10
3.1797911e-10
3.8768544e-10
4.5747152e-10
5.5212948e-10
0
0
0
0
2.8434951e-09
4.5384759e-10
5.8561038e-10
7.0674494e-10
8.2822619e-10
9.9302145e-10
0
0
0
0
0
3.2141523e-09
8.8337819e-10
1.07947e-09
1.2775885e-09
1.5465702e-09
0
0
0
0
0
0
3.7201659e-09
1.4774237e-09
1.7831031e-09
2.2000635e-09
0
0
0
0
0
0
0
4.4368482e-09
2.3551381e-09
2.9897368e-09
0
0
0
0
0
0
0
0
5.5648316e-09
4.0143148e-09
0
0
0
0
0
0
0
0
0
8.3180265e-09
2.4587516e-09
-1.0565239e-10
-1.1114086e-10
-1.1372381e-10
-1.1561941e-10
-1.1723281e-10
-1.1858577e-10
-1.1981297e-10
-1.2104108e-10
-1.2270655e-10
0
2.4159876e-09
-1.0531233e-10
-9.2680255e-11
-8.2814257e-11
-7.4344018e-11
-6.7233499e-11
-6.0782887e-11
-5.4326611e-11
-4.5569117e-11
0
0
2.4942121e-09
5.2333468e-12
4.6623961e-11
8.2963854e-11
1.1362358e-10
1.4145243e-10
1.6930609e-10
2.0708653e-10
0
0
0
2.6326345e-09
1.7506015e-10
2.4911157e-10
3.1251001e-10
3.702051e-10
4.2796626e-10
5.0631346e-10
0
0
0
0
2.8411087e-09
4.2698591e-10
5.3714706e-10
6.3842418e-10
7.3999022e-10
8.7776928e-10
0
0
0
0
0
3.1517119e-09
7.8765688e-10
9.5228694e-10
1.1186034e-09
1.3444059e-09
0
0
0
0
0
0
3.5769545e-09
1.2869279e-09
1.5436495e-09
1.8938152e-09
0
0
0
0
0
0
0
4.1788534e-09
2.023652e-09
2.5561186e-09
0
0
0
0
0
0
0
0
5.1249366e-09
3.4151694e-09
0
0
0
0
0
0
0
0
0
7.4388226e-09
2.4987617e-09
-5.8801541e-11
-6.2823541e-11
-6.4714498e-11
-6.6102166e-11
-6.7283249e-11
-6.8273696e-11
-6.9172098e-11
-7.0071185e-11
-7.1290514e-11
0
2.4676737e-09
-5.7660724e-11
-4.8074335e-11
-4.0576297e-11
-3.4134994e-11
-2.8727148e-11
-2.3821176e-11
-1.8910924e-11
-1.225057e-11
0
0
2.5268378e-09
2.5822261e-11
5.7376449e-11
8.5162501e-11
1.0862224e-10
1.2991752e-10
1.5123184e-10
1.8014234e-10
0
0
0
2.6322506e-09
1.5645079e-10
2.1420281e-10
2.6375315e-10
3.0886132e-10
3.5402245e-10
4.1527898e-10
0
0
0
0
2.7953129e-09
3.5577802e-10
4.4383123e-10
5.2486918e-10
6.0614966e-10
7.1641113e-10
0
0
0
0
0
3.0447176e-09
6.4817204e-10
7.8242966e-10
9.1811832e-10
1.1023442e-09
0
0
0
0
0
0
3.3931417e-09
1.0598795e-09
1.2720931e-09
1.561574e-09
0
0
0
0
0
0
0
3.8925265e-09
1.67334e-09
2.1169433e-09
0
0
0
0
0
0
0
0
4.6825207e-09
2.8368969e-09
0
0
0
0
0
0
0
0
0
6.6183398e-09
2.5021763e-09
-5.2085458e-11
-5.5466604e-11
-5.7062086e-11
-5.8233327e-11
-5.9230229e-11
-6.0066222e-11
-6.0824522e-11
-6.1583396e-11
-6.2612564e-11
0
2.475719e-09
-5.2937202e-11
-4.5720856e-11
-4.0084441e-11
-3.5243339e-11
-3.1178914e-11
-2.7491666e-11
-2.3801187e-11
-1.8795329e-11
0
0
2.5206435e-09
1.0525633e-11
3.43207e-11
5.5270187e-11
7.2961639e-11
8.9021671e-11
1.0509614e-10
1.268994e-10
0
0
0
2.6001296e-09
1.0866038e-10
1.5204108e-10
1.8931108e-10
2.2325181e-10
2.572338e-10
3.0332706e-10
0
0
0
0
2.722459e-09
2.5863972e-10
3.2538016e-10
3.8689973e-10
4.4862059e-10
5.3234987e-10
0
0
0
0
0
2.9116656e-09
4.8228097e-10
5.8592903e-10
6.9080227e-10
8.3320669e-10
0
0
0
0
0
0
3.1817467e-09
8.0466179e-10
9.7210102e-10
1.2006304e-09
0
0
0
0
0
0
0
3.578162e-09
1.2964449e-09
1.6537811e-09
0
0
0
0
0
0
0
0
4.2192639e-09
2.2486888e-09
0
0
0
0
0
0
0
0
0
5.8201341e-09
2.4987719e-09
-5.3485282e-11
-5.6512693e-11
-5.7952806e-11
-5.9010411e-11
-5.9910608e-11
-6.0665501e-11
-6.1350232e-11
-6.2035473e-11
-6.2964763e-11
0
2.4745213e-09
-5.7247528e-11
-5.2108709e-11
-4.8070466e-11
-4.4599954e-11
-4.1686122e-11
-3.9042671e-11
-3.6396879e-11
-3.2808005e-11
0
0
2.5071429e-09
-9.9182313e-12
8.106695e-12
2.3967535e-11
3.7358064e-11
4.9513457e-11
6.1679798e-11
7.8182149e-11
0
0
0
2.5676164e-09
6.5013726e-11
9.8021914e-11
1.2634876e-10
1.5214192e-10
1.7796645e-10
2.1299496e-10
0
0
0
0
2.6608145e-09
1.7881387e-10
2.2919032e-10
2.7561904e-10
3.2220276e-10
3.8539797e-10
0
0
0
0
0
2.8034145e-09
3.4677817e-10
4.2459228e-10
5.0337314e-10
6.1035851e-10
0
0
0
0
0
0
3.0058661e-09
5.887419e-10
7.1497918e-10
8.8739068e-10
0
0
0
0
0
0
0
3.3050895e-09
9.6237741e-10
1.2356066e-09
0
0
0
0
0
0
0
0
3.7983923e-09
1.7034809e-09
0
0
0
0
0
0
0
0
0
5.0717644e-09
2.5402246e-09
-5.9269205e-12
-7.6088188e-12
-8.3976181e-12
-8.9764111e-12
-9.4690472e-12
-9.8821835e-12
-1.0256944e-11
-1.0632015e-11
-1.1140734e-11
0
2.5273666e-09
-5.506081e-12
-1.3927317e-12
1.8250718e-12
4.5897861e-12
6.9109973e-12
9.0167765e-12
1.1124367e-11
1.3983087e-11
0
0
2.5528264e-09
3.0518734e-11
4.4148144e-11
5.6159505e-11
6.6303306e-11
7.551152e-11
8.4727967e-11
9.7228993e-11
0
0
0
2.5983578e-09
8.7035983e-11
1.1211482e-10
1.3365206e-10
1.5326238e-10
1.7289622e-10
1.9952753e-10
0
0
0
0
2.6691991e-09
1.7397001e-10
2.1255394e-10
2.4809525e-10
2.8375018e-10
3.3211893e-10
0
0
0
0
0
2.7786398e-09
3.0292049e-10
3.6245626e-10
4.2269093e-10
5.0448544e-10
0
0
0
0
0
0
2.9335308e-09
4.8727204e-10
5.8302574e-10
7.1377958e-10
0
0
0
0
0
0
0
3.159915e-09
7.6868394e-10
9.7420944e-10
0
0
0
0
0
0
0
0
3.5300368e-09
1.3248661e-09
0
0
0
0
0
0
0
0
0
4.4957705e-09
2.5378625e-09
-7.388739e-12
-8.9258303e-12
-9.6538131e-12
-1.0188317e-11
-1.0643275e-11
-1.1024812e-11
-1.1370908e-11
-1.1717287e-11
-1.2187086e-11
0
2.5257861e-09
-8.8599568e-12
-5.9540238e-12
-3.6733075e-12
-1.7133221e-12
-6.7710917e-14
1.4251809e-12
2.919364e-12
4.9460764e-12
0
0
2.5441462e-09
1.761934e-11
2.7680762e-11
3.6540754e-11
4.4023039e-11
5.0815429e-11
5.7613922e-11
6.6835293e-11
0
0
0
2.5778636e-09
5.9430969e-11
7.79226e-11
9.3810653e-11
1.0828073e-10
1.2276859e-10
1.4241994e-10
0
0
0
0
2.6300794e-09
1.2347603e-10
1.5199201e-10
1.7829043e-10
2.0467777e-10
2.4047455e-10
0
0
0
0
0
2.7109338e-09
2.1921875e-10
2.6372111e-10
3.0877234e-10
3.6995002e-10
0
0
0
0
0
0
2.8270073e-09
3.5826729e-10
4.3073714e-10
5.2968535e-10
0
0
0
0
0
0
0
2.9989561e-09
5.7259599e-10
7.2890657e-10
0
0
0
0
0
0
0
0
3.2806047e-09
9.9442541e-10
0
0
0
0
0
0
0
0
0
4.0067543e-09
2.5447109e-09
4.5682983e-13
-9.3442236e-13
-1.5981543e-12
-2.085741e-12
-2.5007822e-12
-2.8488516e-12
-3.1645951e-12
-3.4806071e-12
-3.9092382e-12
0
2.5336015e-09
-2.3827845e-12
-3.9301681e-13
1.1769219e-12
2.5272668e-12
3.6611426e-12
4.6897911e-12
5.7193244e-12
7.1157746e-12
0
0
2.5465892e-09
1.6852457e-11
2.4234196e-11
3.0741025e-11
3.6236599e-11
4.1225387e-11
4.6218645e-11
5.299141e-11
0
0
0
2.5714021e-09
4.7783927e-11
6.1505823e-11
7.3291957e-11
8.40245e-11
9.4770081e-11
1.0934538e-10
0
0
0
0
2.6102175e-09
9.5458528e-11
1.1663584e-10
1.3615266e-10
1.5573443e-10
1.8229895e-10
0
0
0
0
0
2.6703071e-09
1.6639474e-10
1.9924549e-10
2.3250437e-10
2.7767143e-10
0
0
0
0
0
0
2.7558578e-09
2.6864821e-10
3.2200222e-10
3.9488791e-10
0
0
0
0
0
0
0
2.8823397e-09
4.2680777e-10
5.4270773e-10
0
0
0
0
0
0
0
0
3.0919761e-09
7.4312768e-10
0
0
0
0
0
0
0
0
0
3.6413861e-09
2.5600386e-09
1.9906007e-11
1.947454e-11
1.9279966e-11
1.9137545e-11
1.9016328e-11
1.8914655e-11
1.8822405e-11
1.873005e-11
1.8604727e-11
0
2.5571878e-09
2.1265983e-11
2.310409e-11
2.4536244e-11
2.5765712e-11
2.6797818e-11
2.7734105e-11
2.8671167e-11
2.9942122e-11
0
0
2.5683947e-09
3.687383e-11
4.270126e-11
4.7825947e-11
5.2152093e-11
5.6079126e-11
6.000964e-11
6.5340851e-11
0
0
0
2.5878287e-09
6.0777764e-11
7.1291996e-11
8.0315578e-11
8.8532013e-11
9.6758356e-11
1.0791649e-10
0
0
0
0
2.617445e-09
9.6900849e-11
1.1290222e-10
1.2764914e-10
1.4244461e-10
1.6251584e-10
0
0
0
0
0
2.6627145e-09
1.5021986e-10
1.7491404e-10
1.9990729e-10
2.3384676e-10
0
0
0
0
0
0
2.7269589e-09
2.269086e-10
2.6683344e-10
3.2134973e-10
0
0
0
0
0
0
0
2.8215069e-09
3.4462497e-10
4.3056897e-10
0
0
0
0
0
0
0
0
2.976366e-09
5.7726357e-10
0
0
0
0
0
0
0
0
0
3.3810845e-09
2.5687249e-09
3.2150159e-11
3.256848e-11
3.2790215e-11
3.2954126e-11
3.3093681e-11
3.3210693e-11
3.3316805e-11
3.3422965e-11
3.3566867e-11
0
2.5731932e-09
3.7499976e-11
3.9318828e-11
4.0717701e-11
4.1916264e-11
4.2922175e-11
4.3834671e-11
4.4747899e-11
4.5986481e-11
0
0
2.583476e-09
5.0749771e-11
5.5515166e-11
5.9694394e-11
6.32204e-11
6.6420885e-11
6.9624164e-11
7.3968921e-11
0
0
0
2.5991829e-09
6.9714616e-11
7.7971721e-11
8.5049344e-11
9.1492247e-11
9.7942709e-11
1.0669199e-10
0
0
0
0
2.6222999e-09
9.7654861e-11
1.0996427e-10
1.2129859e-10
1.3266855e-10
1.4809266e-10
0
0
0
0
0
2.6569926e-09
1.3824463e-10
1.5695546e-10
1.75885e-10
2.0158979e-10
0
0
0
0
0
0
2.7055088e-09
1.9584395e-10
2.2576431e-10
2.6662147e-10
0
0
0
0
0
0
0
2.77615e-09
2.8359545e-10
3.4769017e-10
0
0
0
0
0
0
0
0
2.8915191e-09
4.5675934e-10
0
0
0
0
0
0
0
0
0
3.1908816e-09
2.5758575e-09
4.411427e-11
4.5785388e-11
4.6623958e-11
4.7241909e-11
4.7767988e-11
4.8209145e-11
4.8609287e-11
4.9009711e-11
4.9552709e-11
0
2.5912156e-09
5.6572894e-11
5.8815251e-11
6.0512199e-11
6.1962675e-11
6.3179647e-11
6.4283573e-11
6.5388369e-11
6.6886736e-11
0
0
2.6026442e-09
6.9505452e-11
7.384195e-11
7.7626184e-11
8.0815602e-11
8.3710227e-11
8.6607328e-11
9.0536733e-11
0
0
0
2.6165878e-09
8.5721594e-11
9.2643163e-11
9.8561712e-11
1.0394726e-10
1.0933889e-10
1.166519e-10
0
0
0
0
2.6357106e-09
1.0839576e-10
1.1828311e-10
1.2737631e-10
1.3649641e-10
1.488682e-10
0
0
0
0
0
2.6633421e-09
1.4032911e-10
1.5495862e-10
1.6975004e-10
1.8983395e-10
0
0
0
0
0
0
2.7010434e-09
1.8472945e-10
2.0770553e-10
2.3906683e-10
0
0
0
0
0
0
0
2.7550339e-09
2.5135483e-10
2.9984447e-10
0
0
0
0
0
0
0
0
2.8418437e-09
3.8073353e-10
0
0
0
0
0
0
0
0
0
3.0637458e-09
2.5772304e-09
4.9419858e-11
5.2170469e-11
5.3540833e-11
5.4550246e-11
5.5409583e-11
5.613022e-11
5.6783881e-11
5.743803e-11
5.8325161e-11
0
2.6019131e-09
6.825437e-11
7.091231e-11
7.2905259e-11
7.46064e-11
7.6033443e-11
7.7327914e-11
7.86234e-11
8.0380385e-11
0
0
2.6145688e-09
8.1213757e-11
8.5300391e-11
8.8850393e-11
9.1839559e-11
9.4552152e-11
9.7267027e-11
1.0094923e-10
0
0
0
2.6273862e-09
9.5558737e-11
1.015575e-10
1.0667431e-10
1.1132837e-10
1.1598747e-10
1.2230684e-10
0
0
0
0
2.6437139e-09
1.1450918e-10
1.2268138e-10
1.3018717e-10
1.3771348e-10
1.47923e-10
0
0
0
0
0
2.6663252e-09
1.4027175e-10
1.5198849e-10
1.6382504e-10
1.7989521e-10
0
0
0
0
0
0
2.6962986e-09
1.7521153e-10
1.931974e-10
2.1773632e-10
0
0
0
0
0
0
0
2.738301e-09
2.2660261e-10
2.6386506e-10
0
0
0
0
0
0
0
0
2.8045808e-09
3.2465439e-10
0
0
0
0
0
0
0
0
0
2.9707617e-09
2.5747376e-09
5.0735663e-11
5.4748741e-11
5.6741337e-11
5.8208833e-11
5.9458148e-11
6.0505836e-11
6.1456172e-11
6.2407248e-11
6.3697116e-11
0
2.6103761e-09
7.8467457e-11
8.1934774e-11
8.4516275e-11
8.6717496e-11
8.8563823e-11
9.0238623e-11
9.191475e-11
9.4188001e-11
0
0
2.6260285e-09
9.3034603e-11
9.7320633e-11
1.0102478e-10
1.0414046e-10
1.0696756e-10
1.09797e-10
1.1363457e-10
0
0
0
2.6390644e-09
1.0691926e-10
1.1257215e-10
1.1737893e-10
1.2174875e-10
1.2612306e-10
1.3205608e-10
0
0
0
0
2.6541235e-09
1.2387284e-10
1.3107455e-10
1.3767736e-10
1.4429633e-10
1.5327481e-10
0
0
0
0
0
2.6737479e-09
1.4576893e-10
1.5562842e-10
1.6557801e-10
1.7908464e-10
0
0
0
0
0
0
2.6986863e-09
1.7440716e-10
1.8904788e-10
2.0901151e-10
0
0
0
0
0
0
0
2.7325601e-09
2.1535761e-10
2.4490288e-10
0
0
0
0
0
0
0
0
2.7846262e-09
2.9152782e-10
0
0
0
0
0
0
0
0
0
2.9114051e-09
2.5685313e-09
4.6318076e-11
5.1323689e-11
5.3802523e-11
5.5627981e-11
5.718204e-11
5.8485305e-11
5.9667485e-11
6.0850607e-11
6.245523e-11
0
2.6130414e-09
8.3557835e-11
8.8157146e-11
9.1566419e-11
9.4471626e-11
9.6908271e-11
9.9118557e-11
1.0133062e-10
1.043308e-10
0
0
2.633308e-09
1.0115832e-10
1.0601572e-10
1.1019474e-10
1.1370666e-10
1.16893e-10
1.2008198e-10
1.2440719e-10
0
0
0
2.6476663e-09
1.1571434e-10
1.2147615e-10
1.2635977e-10
1.3079711e-10
1.3523878e-10
1.4126313e-10
0
0
0
0
2.6626467e-09
1.3199181e-10
1.3878704e-10
1.4500489e-10
1.5123601e-10
1.5968817e-10
0
0
0
0
0
2.680809e-09
1.5172843e-10
1.6050952e-10
1.6935982e-10
1.8137249e-10
0
0
0
0
0
0
2.7026868e-09
1.7636598e-10
1.8885664e-10
2.0587694e-10
0
0
0
0
0
0
0
2.7312246e-09
2.1032466e-10
2.3467564e-10
0
0
0
0
0
0
0
0
2.7736034e-09
2.7141651e-10
0
0
0
0
0
0
0
0
0
2.8729302e-09
2.5609219e-09
3.7304751e-11
4.2467108e-11
4.5022468e-11
4.6904124e-11
4.8506031e-11
4.9849429e-11
5.1068025e-11
5.2287606e-11
5.3941707e-11
0
2.6075894e-09
8.0986403e-11
8.6902476e-11
9.1274511e-11
9.4998767e-11
9.8122251e-11
1.0095559e-10
1.0379124e-10
1.0763725e-10
0
0
2.6342749e-09
1.035065e-10
1.093349e-10
1.1433161e-10
1.185278e-10
1.223347e-10
1.2614477e-10
1.3131241e-10
0
0
0
2.6511681e-09
1.1993235e-10
1.2626176e-10
1.316106e-10
1.3646837e-10
1.4133068e-10
1.4792557e-10
0
0
0
0
2.6672489e-09
1.3679128e-10
1.4370212e-10
1.5001303e-10
1.5633545e-10
1.6491127e-10
0
0
0
0
0
2.6853298e-09
1.5585825e-10
1.6422738e-10
1.7265106e-10
1.8408299e-10
0
0
0
0
0
0
2.7058014e-09
1.7836898e-10
1.8967091e-10
2.0505963e-10
0
0
0
0
0
0
0
2.7312101e-09
2.0800589e-10
2.291044e-10
0
0
0
0
0
0
0
0
2.7673362e-09
2.5911402e-10
0
0
0
0
0
0
0
0
0
2.8480054e-09
2.5542581e-09
2.7265009e-11
3.1591583e-11
3.3747542e-11
3.533507e-11
3.6686574e-11
3.7819982e-11
3.88481e-11
3.9877055e-11
4.1272623e-11
0
2.5942509e-09
6.8920998e-11
7.5559163e-11
8.0449756e-11
8.4614417e-11
8.8107196e-11
9.1275544e-11
9.4446508e-11
9.8747358e-11
0
0
2.62599e-09
9.6983119e-11
1.0401668e-10
1.1002811e-10
1.1507397e-10
1.1965155e-10
1.2423294e-10
1.3044683e-10
0
0
0
2.6465595e-09
1.1651026e-10
1.2380679e-10
1.2995796e-10
1.3554234e-10
1.4113177e-10
1.4871294e-10
0
0
0
0
2.6648277e-09
1.3510514e-10
1.4259366e-10
1.4941974e-10
1.5625641e-10
1.6552967e-10
0
0
0
0
0
2.6840523e-09
1.5480353e-10
1.6333223e-10
1.7190515e-10
1.8353804e-10
0
0
0
0
0
0
2.7045228e-09
1.7674716e-10
1.876502e-10
2.0248408e-10
0
0
0
0
0
0
0
2.7285913e-09
2.0418351e-10
2.2355896e-10
0
0
0
0
0
0
0
0
2.7611275e-09
2.4918635e-10
0
0
0
0
0
0
0
0
0
2.8296712e-09
2.5492639e-09
1.9002714e-11
2.2200286e-11
2.3802484e-11
2.4982659e-11
2.5987381e-11
2.682997e-11
2.7594286e-11
2.8359226e-11
2.9396715e-11
0
2.5791495e-09
5.1865447e-11
5.7772319e-11
6.2142297e-11
6.5863404e-11
6.8984097e-11
7.1814925e-11
7.4648104e-11
7.8490837e-11
0
0
2.6083946e-09
8.0007865e-11
8.7535799e-11
9.3952033e-11
9.9334607e-11
1.0421749e-10
1.0910447e-10
1.157329e-10
0
0
0
2.6313301e-09
1.025048e-10
1.1076218e-10
1.1770341e-10
1.2400313e-10
1.3030844e-10
1.3886065e-10
0
0
0
0
2.6523506e-09
1.2370934e-10
1.3204946e-10
1.3963968e-10
1.4724009e-10
1.5754923e-10
0
0
0
0
0
2.6736402e-09
1.4507531e-10
1.5418821e-10
1.6333781e-10
1.7575186e-10
0
0
0
0
0
0
2.6952001e-09
1.6767955e-10
1.7879637e-10
1.9391017e-10
0
0
0
0
0
0
0
2.7193296e-09
1.9457522e-10
2.1341472e-10
0
0
0
0
0
0
0
0
2.7503363e-09
2.3644373e-10
0
0
0
0
0
0
0
0
0
2.8116515e-09
2.5457218e-09
1.2937328e-11
1.5189577e-11
1.6320443e-11
1.7153593e-11
1.7862893e-11
1.8457733e-11
1.8997315e-11
1.9537339e-11
2.0269775e-11
0
2.5668661e-09
3.6699748e-11
4.1168407e-11
4.4491627e-11
4.7323822e-11
4.9699209e-11
5.1853964e-11
5.4010513e-11
5.6935517e-11
0
0
2.5892391e-09
5.9078675e-11
6.5441895e-11
7.0896484e-11
7.5474889e-11
7.9628233e-11
8.3785066e-11
8.9423188e-11
0
0
0
2.6089515e-09
7.9501216e-11
8.7327279e-11
9.3910966e-11
9.9884735e-11
1.0586367e-10
1.1397324e-10
0
0
0
0
2.6295089e-09
1.0117667e-10
1.0975248e-10
1.175423e-10
1.2534066e-10
1.3591828e-10
0
0
0
0
0
2.6520333e-09
1.24106e-10
1.3373294e-10
1.4338563e-10
1.5648106e-10
0
0
0
0
0
0
2.6749883e-09
1.4797302e-10
1.5954755e-10
1.7527356e-10
0
0
0
0
0
0
0
2.6999278e-09
1.7532808e-10
1.9432523e-10
0
0
0
0
0
0
0
0
2.7307108e-09
2.1604264e-10
0
0
0
0
0
0
0
0
0
2.7881877e-09
2.5432256e-09
8.6101702e-12
1.0157235e-11
1.0934971e-11
1.1508007e-11
1.1995862e-11
1.2404992e-11
1.2776116e-11
1.3147544e-11
1.3651315e-11
0
2.5577927e-09
2.520964e-11
2.8402457e-11
3.0781074e-11
3.2808961e-11
3.4509865e-11
3.6052792e-11
3.7597004e-11
3.9691477e-11
0
0
2.5738644e-09
4.151624e-11
4.6246002e-11
5.0313328e-11
5.373018e-11
5.6830108e-11
5.9932659e-11
6.4140812e-11
0
0
0
2.5885887e-09
5.7061515e-11
6.3155727e-11
6.8304175e-11
7.2978802e-11
7.7657671e-11
8.4003913e-11
0
0
0
0
2.6047534e-09
7.461332e-11
8.1759233e-11
8.8269004e-11
9.4787292e-11
1.0362863e-10
0
0
0
0
0
2.6238614e-09
9.4839595e-11
1.0352941e-10
1.1224519e-10
1.2406874e-10
0
0
0
0
0
0
2.6451381e-09
1.1768644e-10
1.288007e-10
1.438903e-10
0
0
0
0
0
0
0
2.6696265e-09
1.4486759e-10
1.6357289e-10
0
0
0
0
0
0
0
0
2.7000844e-09
1.8485941e-10
0
0
0
0
0
0
0
0
0
2.7551136e-09
2.5415889e-09
5.6907036e-12
6.7342709e-12
7.2594113e-12
7.6463582e-12
7.9757878e-12
8.2520577e-12
8.5026639e-12
8.7534753e-12
9.0936529e-12
0
2.5514388e-09
1.7038213e-11
1.9258133e-11
2.091366e-11
2.2325323e-11
2.3509392e-11
2.4583489e-11
2.5658482e-11
2.7116537e-11
0
0
2.562658e-09
2.8528446e-11
3.1897101e-11
3.4797473e-11
3.7234709e-11
3.9445966e-11
4.1659101e-11
4.4660895e-11
0
0
0
2.573178e-09
3.9731505e-11
4.4159477e-11
4.7905434e-11
5.1307604e-11
5.4712978e-11
5.933191e-11
0
0
0
0
2.5849724e-09
5.2666266e-11
5.7981151e-11
6.2830611e-11
6.7687911e-11
7.4276454e-11
0
0
0
0
0
2.5992641e-09
6.8000924e-11
7.4671537e-11
8.1374248e-11
9.0468719e-11
0
0
0
0
0
0
2.6157445e-09
8.6053409e-11
9.4974551e-11
1.0710047e-10
0
0
0
0
0
0
0
2.6357129e-09
1.0884612e-10
1.2474045e-10
0
0
0
0
0
0
0
0
2.6622693e-09
1.446899e-10
0
0
0
0
0
0
0
0
0
2.7127347e-09
2.5404977e-09
3.7196059e-12
4.412829e-12
4.7619679e-12
5.0192433e-12
5.2382772e-12
5.4219658e-12
5.588591e-12
5.7553527e-12
5.9815332e-12
0
2.547054e-09
1.1340932e-11
1.2853031e-11
1.3981683e-11
1.4944218e-11
1.5751582e-11
1.6483963e-11
1.7216955e-11
1.8211141e-11
0
0
2.554721e-09
1.9254478e-11
2.159489e-11
2.3611751e-11
2.5306884e-11
2.6844877e-11
2.8384179e-11
3.047202e-11
0
0
0
2.5620486e-09
2.7110312e-11
3.0233192e-11
3.2877172e-11
3.5278833e-11
3.768279e-11
4.0943438e-11
0
0
0
0
2.570393e-09
3.6321587e-11
4.01253e-11
4.3598228e-11
4.7077168e-11
5.1796115e-11
0
0
0
0
0
2.5806582e-09
4.7412163e-11
5.2260283e-11
5.713472e-11
6.3749023e-11
0
0
0
0
0
0
2.5926878e-09
6.0690757e-11
6.7286743e-11
7.625697e-11
0
0
0
0
0
0
0
2.6075356e-09
7.7807117e-11
8.9817026e-11
0
0
0
0
0
0
0
0
2.6278041e-09
1.0562044e-10
0
0
0
0
0
0
0
0
0
2.6684203e-09
