# Fiducial parameters, omega_b = 0.02233, omega_cdm = 0.1197, n_s = 0.9652, A_s = 2.09e-09, h = 0.6737, tau_reio = 0.054, Omega_Lambda = 0
6.0363465e-08
6.3733318e-08
6.6564117e-08
6.8766138e-08
6.9755365e-08
6.9598658e-08
6.8213317e-08
6.5393032e-08
6.1343081e-08
5.6130669e-08
5.0141485e-08
4.3681087e-08
3.725687e-08
3.1230774e-08
2.5870862e-08
2.1275239e-08
1.7381126e-08
1.408261e-08
1.1340153e-08
9.1767128e-09
7.5498375e-09
6.320297e-09
5.3901471e-09
4.7046963e-09
4.1941925e-09
3.8133784e-09
3.5256039e-09
3.3051008e-09
3.1336562e-09
2.9987508e-09
2.8918323e-09
2.8069756e-09
2.7398679e-09
2.6873963e-09
2.6468658e-09
