# Fiducial parameters, omega_b = 0.02233, omega_cdm = 0.1197, n_s = 0.9652, A_s = 2.09e-09, h = 0.6737, tau_reio = 0.054, Omega_Lambda = 0
3.4987365e-08
3.5209991e-08
3.4918664e-08
3.4175025e-08
3.2600538e-08
3.0462528e-08
2.7891829e-08
2.4892443e-08
2.1791767e-08
1.8698204e-08
1.5870207e-08
1.334384e-08
1.1211895e-08
9.407735e-09
7.8823243e-09
6.6269146e-09
5.6460859e-09
4.9093795e-09
4.3503989e-09
3.9280867e-09
3.6141734e-09
3.3776719e-09
3.198082e-09
3.0592969e-09
2.9501151e-09
2.8627974e-09
2.7921588e-09
2.7347481e-09
2.6882131e-09
2.6508464e-09
2.6212861e-09
2.5983441e-09
2.5808739e-09
2.5679754e-09
2.5586354e-09
